10000	10
-132
-462
-787
-1098
-1421
-1747
-2082
-2408
-2731
-3046
-3352
-3673
-3996
-4315
-4637
-4952
-5253
-5562
-5869
-6184
-6499
-6805
-7111
-7403
-7695
-7999
-8304
-8608
-8903
-9188
-9468
-9758
-10049
-10339
-10626
-10901
-11176
-11442
-11717
-11994
-12272
-12544
-12798
-13050
-13310
-13561
-13827
-14084
-14337
-14579
-14816
-15054
-15295
-15539
-15779
-16010
-16228
-16442
-16661
-16888
-17111
-17331
-17539
-17733
-17932
-18132
-18338
-18539
-18732
-18910
-19088
-19261
-19444
-19628
-19802
-19971
-20122
-20279
-20429
-20590
-20750
-20899
-21040
-21163
-21296
-21425
-21561
-21692
-21819
-21930
-22030
-22137
-22244
-22350
-22456
-22559
-22639
-22717
-22794
-22875
-22959
-23039
-23102
-23158
-23209
-23266
-23322
-23378
-23434
-23466
-23497
-23518
-23550
-23588
-23613
-23635
-23642
-23642
-23644
-23648
-23658
-23661
-23652
-23629
-23602
-23575
-23553
-23535
-23510
-23469
-23419
-23369
-23318
-23271
-23229
-23171
-23102
-23023
-22947
-22868
-22800
-22724
-22639
-22544
-22442
-22334
-22237
-22134
-22038
-21920
-21793
-21664
-21535
-21412
-21287
-21158
-21012
-20860
-20701
-20551
-20403
-20257
-20098
-19927
-19746
-19567
-19394
-19225
-19051
-18866
-18670
-18463
-18262
-18066
-17873
-17674
-17468
-17246
-17019
-16796
-16579
-16368
-16143
-15904
-15663
-15419
-15180
-14940
-14707
-14460
-14203
-13937
-13679
-13417
-13163
-12909
-12636
-12361
-12079
-11800
-11525
-11253
-10976
-10688
-10394
-10094
-9793
-9507
-9219
-8925
-8618
-8306
-7995
-7687
-7388
-7084
-6779
-6457
-6132
-5810
-5494
-5184
-4867
-4547
-4211
-3881
-3551
-3226
-2906
-2581
-2249
-1905
-1566
-1234
-902
-576
-244
94
437
780
1115
1444
1772
2109
2451
2802
3138
3472
3800
4132
4469
4817
5157
5496
5821
6147
6472
6813
7153
7485
7810
8135
8452
8775
9102
9433
9758
10073
10388
10692
11012
11332
11651
11959
12266
12559
12854
13160
13466
13769
14060
14344
14625
14909
15198
15488
15769
16037
16307
16569
16831
17100
17371
17626
17877
18117
18361
18610
18851
19098
19324
19542
19763
19983
20204
20421
20637
20836
21029
21217
21406
21605
21795
21972
22145
22306
22471
22628
22791
22951
23095
23233
23365
23491
23627
23757
23876
23990
24093
24184
24287
24388
24487
24569
24644
24713
24779
24836
24902
24964
25015
25052
25087
25117
25148
25180
25207
25220
25224
25217
25215
25213
25204
25197
25174
25140
25099
25068
25031
24989
24942
24881
24812
24748
24676
24605
24534
24452
24353
24251
24145
24050
23948
23835
23709
23583
23442
23313
23189
23052
22903
22756
22587
22428
22267
22105
21939
21759
21573
21386
21195
21006
20820
20620
20420
20201
19983
19765
19552
19337
19118
18885
18642
18401
18166
17931
17692
17443
17185
16923
16668
16408
16154
15892
15620
15344
15063
14787
14510
14237
13955
13663
13369
13076
12782
12496
12204
11908
11600
11288
10983
10680
10383
10076
9769
9447
9130
8811
8504
8195
7882
7559
7230
6905
6585
6269
5952
5628
5296
4963
4629
4310
3991
3670
3345
3005
2668
2343
2020
1698
1371
1041
707
371
48
-278
-595
-916
-1251
-1581
-1914
-2232
-2544
-2858
-3182
-3506
-3834
-4153
-4467
-4773
-5084
-5399
-5713
-6033
-6343
-6642
-6941
-7241
-7548
-7859
-8161
-8456
-8740
-9032
-9321
-9616
-9915
-10199
-10481
-10753
-11025
-11301
-11589
-11867
-12135
-12399
-12655
-12915
-13183
-13444
-13709
-13965
-14204
-14446
-14691
-14937
-15187
-15425
-15658
-15880
-16108
-16327
-16560
-16788
-17007
-17213
-17413
-17622
-17826
-18037
-18241
-18438
-18623
-18803
-18978
-19168
-19362
-19538
-19712
-19872
-20031
-20189
-20357
-20518
-20674
-20814
-20949
-21084
-21223
-21365
-21497
-21625
-21741
-21847
-21966
-22072
-22194
-22307
-22404
-22490
-22576
-22661
-22751
-22838
-22920
-22988
-23048
-23108
-23175
-23235
-23302
-23352
-23398
-23427
-23459
-23497
-23543
-23576
-23594
-23608
-23611
-23623
-23637
-23651
-23654
-23651
-23636
-23612
-23595
-23584
-23571
-23549
-23510
-23468
-23422
-23381
-23346
-23305
-23251
-23184
-23114
-23040
-22973
-22910
-22842
-22762
-22666
-22568
-22479
-22385
-22292
-22193
-22080
-21961
-21836
-21717
-21601
-21484
-21361
-21215
-21073
-20921
-20776
-20638
-20497
-20340
-20168
-19996
-19831
-19664
-19497
-19328
-19140
-18947
-18750
-18558
-18370
-18185
-17988
-17780
-17569
-17349
-17131
-16925
-16714
-16492
-16259
-16022
-15782
-15549
-15318
-15085
-14841
-14582
-14321
-14063
-13815
-13570
-13311
-13051
-12776
-12493
-12221
-11950
-11684
-11410
-11123
-10826
-10533
-10246
-9968
-9680
-9390
-9088
-8770
-8469
-8166
-7876
-7576
-7258
-6942
-6623
-6304
-5993
-5680
-5373
-5043
-4715
-4384
-4060
-3741
-3420
-3098
-2762
-2426
-2087
-1751
-1426
-1104
-770
-427
-79
260
596
921
1255
1589
1942
2282
2624
2953
3286
3616
3956
4301
4643
4974
5305
5636
5965
6308
6648
6983
7313
7631
7952
8283
8617
8949
9271
9588
9901
10217
10541
10859
11178
11490
11797
12094
12401
12711
13020
13324
13619
13904
14188
14479
14778
15070
15354
15627
15895
16169
16442
16715
16986
17248
17496
17744
17995
18247
18500
18746
18981
19208
19435
19660
19887
20114
20331
20537
20735
20933
21134
21335
21536
21717
21891
22059
22228
22403
22573
22738
22888
23031
23170
23303
23448
23585
23713
23829
23939
24051
24152
24257
24363
24453
24534
24605
24685
24758
24829
24896
24952
25000
25037
25074
25116
25158
25182
25201
25211
25215
25223
25230
25231
25221
25203
25178
25152
25123
25102
25064
25020
24964
24904
24838
24783
24720
24654
24566
24474
24384
24296
24200
24104
23996
23877
23755
23628
23510
23384
23253
23118
22965
22812
22658
22509
22350
22188
22012
21831
21651
21467
21290
21102
20913
20706
20501
20287
20079
19872
19666
19441
19211
18980
18743
18508
18278
18048
17799
17547
17288
17033
16780
16530
16269
16000
15720
15450
15177
14915
14642
14359
14073
13778
13485
13200
12916
12630
12332
12022
11718
11415
11121
10819
10523
10209
9891
9577
9264
8958
8650
8334
8014
7684
7362
7044
6729
6412
6093
5762
5429
5104
4782
4466
4141
3808
3479
3143
2818
2497
2178
1852
1515
1185
852
525
206
-113
-440
-772
-1098
-1428
-1751
-2068
-2382
-2709
-3038
-3361
-3677
-3991
-4296
-4614
-4935
-5254
-5571
-5874
-6176
-6479
-6783
-7095
-7410
-7712
-8007
-8295
-8587
-8877
-9178
-9479
-9767
-10042
-10321
-10598
-10879
-11163
-11447
-11720
-11982
-12245
-12512
-12787
-13051
-13315
-13570
-13811
-14063
-14312
-14564
-14816
-15061
-15287
-15518
-15749
-15982
-16218
-16449
-16670
-16884
-17086
-17296
-17514
-17731
-17940
-18133
-18325
-18506
-18701
-18893
-19089
-19268
-19443
-19602
-19772
-19942
-20116
-20285
-20436
-20581
-20724
-20867
-21014
-21162
-21308
-21434
-21551
-21669
-21788
-21911
-22036
-22148
-22248
-22338
-22428
-22523
-22626
-22721
-22803
-22874
-22943
-23007
-23079
-23153
-23225
-23276
-23321
-23360
-23401
-23449
-23498
-23535
-23564
-23582
-23592
-23606
-23630
-23644
-23657
-23657
-23645
-23632
-23625
-23621
-23607
-23590
-23557
-23522
-23488
-23451
-23424
-23382
-23334
-23273
-23209
-23148
-23089
-23033
-22969
-22887
-22795
-22707
-22623
-22536
-22455
-22353
-22249
-22134
-22019
-21904
-21798
-21688
-21562
-21427
-21282
-21146
-21011
-20879
-20735
-20584
-20420
-20253
-20089
-19931
-19776
-19604
-19425
-19238
-19041
-18859
-18679
-18499
-18301
-18094
-17882
-17672
-17462
-17260
-17048
-16828
-16599
-16368
-16136
-15907
-15683
-15454
-15207
-14950
-14698
-14448
-14204
-13962
-13705
-13437
-13166
-12895
-12629
-12365
-12100
-11824
-11541
-11248
-10964
-10687
-10404
-10118
-9825
-9518
-9223
-8919
-8614
-8329
-8028
-7722
-7401
-7082
-6773
-6461
-6154
-5839
-5518
-5184
-4855
-4538
-4222
-3902
-3578
-3236
-2904
-2565
-2245
-1917
-1587
-1255
-909
-567
-232
99
432
760
1108
1452
1798
2131
2462
2792
3127
3475
3819
4162
4491
4823
5149
5487
5832
6171
6503
6836
7155
7484
7812
8150
8482
8805
9120
9440
9757
10083
10417
10730
11040
11349
11652
11964
12280
12592
12895
13192
13482
13777
14071
14369
14663
14950
15222
15498
15775
16052
16331
16603
16868
17122
17375
17632
17888
18148
18396
18635
18865
19091
19329
19565
19796
20013
20222
20429
20633
20841
21047
21247
21436
21617
21792
21972
22152
22324
22493
22652
22799
22942
23093
23244
23380
23521
23637
23751
23868
23987
24098
24207
24308
24393
24477
24558
24642
24721
24793
24856
24902
24953
25002
25055
25096
25132
25151
25172
25185
25203
25220
25224
25216
25206
25190
25171
25154
25136
25105
25068
25015
24963
24910
24862
24804
24745
24662
24576
24500
24415
24329
24243
24140
24027
23911
23795
23679
23570
23439
23304
23163
23012
22867
22720
22576
22419
22251
22075
21897
21728
21550
21374
21188
20989
20787
20581
20386
20183
19972
19756
19530
19302
19077
18855
18630
18393
18151
17904
17647
17407
17157
16909
16650
16384
16118
15849
15579
15316
15049
14771
14483
14194
13912
13638
13348
13065
12766
12465
12161
11868
11574
11279
10978
10663
10352
10039
9732
9428
9127
8807
8483
8164
7847
7529
7220
6902
6577
6248
5919
5597
5280
4961
4637
4309
3974
3643
3318
2995
2677
2345
2010
1673
1344
1025
706
381
47
-287
-619
-942
-1263
-1579
-1900
-2225
-2559
-2884
-3204
-3513
-3822
-4145
-4466
-4787
-5107
-5410
-5711
-6020
-6335
-6646
-6958
-7264
-7557
-7847
-8148
-8448
-8751
-9050
-9339
-9624
-9901
-10186
-10474
-10762
-11044
-11316
-11580
-11849
-12117
-12399
-12672
-12937
-13192
-13440
-13693
-13948
-14207
-14462
-14708
-14948
-15174
-15410
-15652
-15892
-16120
-16345
-16557
-16771
-16991
-17215
-17433
-17644
-17840
-18026
-18228
-18425
-18626
-18825
-19006
-19187
-19355
-19528
-19705
-19884
-20057
-20212
-20365
-20507
-20660
-20810
-20969
-21113
-21246
-21368
-21485
-21621
-21751
-21882
-21995
-22099
-22193
-22297
-22396
-22508
-22605
-22688
-22770
-22838
-22914
-22998
-23071
-23148
-23204
-23252
-23301
-23347
-23405
-23457
-23497
-23528
-23549
-23567
-23597
-23626
-23649
-23657
-23662
-23656
-23654
-23651
-23650
-23646
-23631
-23602
-23564
-23539
-23516
-23488
-23457
-23412
-23356
-23293
-23242
-23190
-23139
-23072
-22998
-22913
-22834
-22757
-22679
-22601
-22504
-22396
-22288
-22180
-22079
-21978
-21865
-21742
-21611
-21474
-21342
-21220
-21089
-20951
-20800
-20641
-20483
-20331
-20173
-20022
-19856
-19678
-19491
-19307
-19133
-18957
-18774
-18585
-18384
-18173
-17969
-17768
-17570
-17365
-17144
-16921
-16688
-16466
-16245
-16024
-15801
-15554
-15304
-15056
-14812
-14579
-14335
-14080
-13815
-13545
-13283
-13022
-12763
-12500
-12228
-11944
-11656
-11377
-11098
-10823
-10542
-10248
-9947
-9643
-9355
-9059
-8772
-8471
-8159
-7847
-7532
-7225
-6920
-6614
-6300
-5974
-5650
-5333
-5014
-4699
-4382
-4057
-3720
-3386
-3056
-2736
-2414
-2086
-1751
-1405
-1063
-734
-401
-74
259
608
945
1288
1623
1950
2284
2623
2973
3314
3649
3983
4311
4643
4980
5331
5667
6000
6327
6652
6984
7321
7656
7990
8316
8631
8949
9270
9601
9931
10250
10562
10863
11172
11491
11810
12125
12428
12724
13022
13316
13617
13920
14215
14502
14784
15067
15345
15631
15916
16192
16458
16721
16974
17234
17505
17763
18012
18258
18492
18729
18969
19209
19445
19666
19887
20096
20312
20526
20739
20944
21135
21326
21510
21696
21884
22064
22236
22400
22553
22708
22871
23021
23174
23311
23445
23566
23693
23817
23941
24053
24155
24248
24338
24431
24526
24610
24691
24754
24815
24874
24934
24990
25042
25082
25107
25133
25159
25183
25207
25229
25224
25222
25214
25199
25192
25182
25159
25126
25082
25043
24995
24953
24907
24849
24780
24706
24626
24555
24480
24391
24300
24188
24085
23980
23883
23763
23650
23520
23381
23238
23106
22967
22828
22669
22509
22340
22174
22008
21847
21671
21482
21292
21097
20902
20709
20513
20311
20094
19868
19655
19439
19225
18994
18768
18528
18279
18036
17797
17556
17313
17062
16794
16530
16262
16007
15744
15476
15199
14918
14634
14353
14079
13800
13509
13217
12919
12621
12328
12034
11740
11443
11127
10816
10509
10210
9908
9600
9285
8965
8645
8326
8012
7705
7390
7060
6728
6408
6089
5772
5448
5125
4788
4455
4126
3804
3488
3165
2825
2495
2161
1829
1512
1194
865
533
202
-132
-456
-774
-1091
-1418
-1750
-2079
-2409
-2723
-3038
-3349
-3672
-3998
-4320
-4638
-4947
-5257
-5562
-5882
-6198
-6506
-6812
-7108
-7404
-7705
-8009
-8316
-8615
-8908
-9187
-9479
-9767
-10063
-10353
-10641
-10909
-11180
-11448
-11732
-12006
-12284
-12546
-12801
-13062
-13319
-13579
-13841
-14095
-14341
-14582
-14820
-15063
-15308
-15551
-15781
-16005
-16227
-16444
-16670
-16893
-17118
-17328
-17530
-17725
-17928
-18133
-18340
-18535
-18725
-18902
-19080
-19258
-19447
-19625
-19801
-19960
-20114
-20272
-20431
-20590
-20746
-20893
-21029
-21152
-21287
-21425
-21560
-21695
-21809
-21919
-22018
-22134
-22240
-22350
-22456
-22545
-22625
-22700
-22790
-22877
-22956
-23030
-23090
-23147
-23204
-23261
-23321
-23376
-23424
-23454
-23483
-23512
-23548
-23580
-23607
-23620
-23624
-23629
-23636
-23645
-23647
-23643
-23627
-23604
-23583
-23559
-23545
-23525
-23487
-23444
-23398
-23348
-23306
-23260
-23213
-23148
-23079
-23001
-22923
-22861
-22791
-22712
-22623
-22523
-22418
-22319
-22228
-22128
-22022
-21903
-21773
-21649
-21522
-21404
-21280
-21146
-20995
-20841
-20690
-20543
-20401
-20247
-20085
-19910
-19736
-19562
-19393
-19225
-19044
-18857
-18655
-18454
-18263
-18066
-17874
-17671
-17457
-17231
-17008
-16796
-16582
-16364
-16130
-15893
-15654
-15415
-15179
-14942
-14704
-14450
-14189
-13926
-13666
-13422
-13161
-12904
-12624
-12349
-12064
-11795
-11523
-11255
-10966
-10676
-10381
-10088
-9796
-9509
-9223
-8923
-8612
-8302
-7992
-7693
-7400
-7095
-6776
-6452
-6127
-5814
-5503
-5191
-4876
-4540
-4210
-3881
-3555
-3235
-2918
-2585
-2244
-1903
-1566
-1243
-911
-580
-244
98
440
776
1110
1439
1775
2116
2459
2807
3141
3479
3802
4143
4482
4830
5166
5497
5823
6151
6489
6828
7162
7495
7820
8140
8464
8794
9125
9454
9776
10083
10394
10715
11033
11355
11668
11972
12273
12572
12874
13180
13489
13787
14071
14357
14643
14928
15218
15503
15785
16051
16316
16581
16854
17123
17387
17639
17886
18127
18374
18623
18865
19104
19330
19555
19778
19996
20222
20444
20653
20846
21044
21233
21431
21622
21811
21993
22159
22320
22484
22648
22815
22973
23111
23249
23380
23515
23653
23777
23896
24004
24105
24212
24308
24409
24502
24586
24657
24720
24789
24859
24923
24983
25033
25067
25099
25134
25168
25196
25219
25226
25228
25220
25226
25226
25214
25203
25172
25135
25105
25078
25037
24993
24938
24876
24808
24740
24673
24606
24526
24433
24335
24237
24142
24041
23933
23821
23696
23560
23436
23307
23175
23042
22890
22731
22571
22412
22249
22094
21921
21741
21556
21366
21178
20995
20804
20600
20393
20173
19961
19750
19542
19325
19095
18861
18620
18378
18148
17912
17663
17414
17151
16895
16633
16384
16127
15857
15581
15302
15029
14756
14480
14203
13918
13624
13328
13038
12747
12459
12166
11865
11556
11247
10949
10647
10350
10039
9724
9406
9087
8776
8470
8164
7844
7515
7187
6864
6550
6233
5915
5588
5258
4927
4598
4279
3961
3637
3303
2964
2633
2313
1996
1670
1338
1009
672
344
27
-290
-615
-945
-1276
-1609
-1932
-2248
-2567
-2888
-3207
-3536
-3857
-4175
-4477
-4790
-5099
-5418
-5743
-6051
-6361
-6656
-6955
-7260
-7569
-7873
-8169
-8461
-8753
-9045
-9340
-9634
-9927
-10210
-10487
-10761
-11038
-11320
-11603
-11882
-12144
-12397
-12660
-12929
-13191
-13463
-13714
-13962
-14208
-14442
-14691
-14945
-15192
-15427
-15652
-15876
-16106
-16334
-16565
-16791
-16998
-17206
-17411
-17619
-17830
-18036
-18244
-18432
-18616
-18794
-18988
-19177
-19362
-19536
-19699
-19862
-20023
-20192
-20359
-20521
-20667
-20805
-20944
-21080
-21228
-21372
-21497
-21619
-21730
-21841
-21965
-22084
-22199
-22302
-22394
-22484
-22571
-22663
-22760
-22849
-22922
-22987
-23046
-23106
-23178
-23245
-23311
-23354
-23391
-23425
-23468
-23506
-23545
-23577
-23588
-23603
-23610
-23629
-23642
-23656
-23658
-23643
-23626
-23612
-23596
-23590
-23570
-23546
-23504
-23460
-23418
-23384
-23350
-23299
-23245
-23170
-23102
-23040
-22980
-22910
-22837
-22752
-22656
-22568
-22476
-22388
-22296
-22188
-22071
-21952
-21837
-21724
-21608
-21489
-21353
-21212
-21060
-20921
-20784
-20648
-20498
-20336
-20164
-19993
-19832
-19666
-19504
-19325
-19133
-18942
-18750
-18568
-18384
-18189
-17983
-17773
-17553
-17338
-17136
-16920
-16710
-16482
-16243
-16009
-15774
-15544
-15312
-15074
-14822
-14563
-14308
-14058
-13808
-13559
-13295
-13023
-12746
-12475
-12208
-11941
-11675
-11389
-11097
-10800
-10517
-10232
-9952
-9665
-9358
-9052
-8750
-8448
-8150
-7853
-7544
-7233
-6914
-6592
-6280
-5977
-5665
-5344
-5016
-4684
-4357
-4036
-3718
-3397
-3068
-2728
-2390
-2060
-1727
-1406
-1074
-739
-393
-47
284
612
945
1280
1628
1978
2315
2651
2980
3313
3652
3997
4347
4679
5010
5337
5675
6012
6355
6692
7021
7351
7669
7998
8330
8667
8991
9315
9631
9946
10264
10589
10910
11224
11536
11836
12140
12444
12765
13069
13365
13653
13947
14236
14532
14825
15112
15392
15666
15932
16208
16481
16760
17020
17279
17532
17781
18031
18288
18535
18774
19007
19236
19462
19688
19918
20142
20347
20553
20756
20955
21160
21359
21553
21730
21902
22076
22249
22424
22589
22750
22900
23036
23180
23323
23471
23598
23723
23835
23948
24060
24167
24275
24373
24464
24542
24615
24691
24769
24841
24903
24953
24994
25035
25075
25124
25156
25180
25195
25200
25212
25220
25226
25225
25211
25188
25168
25139
25116
25085
25049
24997
24942
24882
24823
24767
24706
24628
24543
24455
24362
24276
24183
24081
23974
23848
23729
23608
23490
23364
23231
23085
22932
22780
22628
22480
22323
22160
21983
21797
21620
21440
21261
21074
20878
20673
20463
20256
20055
19848
19636
19408
19179
18947
18721
18492
18258
18015
17765
17508
17259
17012
16759
16505
16241
15962
15694
15419
15154
14888
14610
14325
14039
13744
13456
13178
12890
12597
12296
11993
11687
11387
11091
10796
10487
10170
9856
9536
9236
8931
8616
8297
7970
7647
7334
7024
6706
6385
6055
5731
5398
5075
4760
4440
4110
3780
3447
3119
2801
2480
2155
1820
1488
1156
825
507
189
-135
-466
-804
-1131
-1452
-1771
-2088
-2413
-2737
-3065
-3389
-3700
-4013
-4325
-4646
-4965
-5284
-5592
-5898
-6202
-6507
-6815
-7131
-7433
-7735
-8031
-8314
-8614
-8916
-9214
-9503
-9796
-10070
-10347
-10631
-10921
-11203
-11482
-11748
-12012
-12279
-12550
-12825
-13089
-13344
-13593
-13837
-14090
-14346
-14599
-14849
-15085
-15317
-15542
-15775
-16012
-16250
-16469
-16686
-16895
-17104
-17321
-17545
-17751
-17953
-18148
-18338
-18529
-18720
-18918
-19107
-19282
-19458
-19623
-19792
-19964
-20136
-20304
-20453
-20597
-20741
-20892
-21040
-21186
-21322
-21443
-21563
-21687
-21812
-21935
-22053
-22160
-22261
-22355
-22452
-22554
-22656
-22746
-22823
-22894
-22960
-23032
-23109
-23179
-23241
-23290
-23333
-23375
-23422
-23475
-23517
-23549
-23567
-23587
-23602
-23626
-23651
-23661
-23661
-23659
-23642
-23642
-23636
-23634
-23619
-23588
-23552
-23522
-23486
-23462
-23429
-23379
-23329
-23264
-23201
-23148
-23089
-23029
-22958
-22874
-22783
-22699
-22619
-22533
-22446
-22342
-22231
-22118
-22010
-21900
-21793
-21678
-21547
-21406
-21268
-21135
-21007
-20868
-20727
-20564
-20397
-20234
-20077
-19922
-19764
-19588
-19400
-19209
-19023
-18850
-18669
-18480
-18276
-18071
-17855
-17648
-17443
-17243
-17024
-16800
-16569
-16337
-16109
-15890
-15663
-15424
-15177
-14920
-14681
-14434
-14183
-13934
-13671
-13401
-13132
-12866
-12604
-12342
-12073
-11790
-11500
-11216
-10934
-10652
-10378
-10084
-9787
-9477
-9182
-8880
-8591
-8298
-7988
-7670
-7358
-7042
-6739
-6436
-6123
-5798
-5472
-5143
-4826
-4509
-4196
-3871
-3539
-3201
-2867
-2538
-2218
-1899
-1564
-1218
-883
-541
-212
117
448
789
1134
1480
1817
2150
2479
2813
3157
3503
3845
4177
4509
4839
5172
5516
5857
6190
6518
6848
7172
7500
7838
8174
8498
8819
9136
9452
9778
10103
10429
10745
11053
11364
11672
11985
12299
12607
12909
13201
13488
13788
14088
14385
14675
14955
15234
15505
15782
16068
16342
16610
16868
17125
17386
17643
17903
18158
18396
18628
18859
19097
19334
19570
19798
20014
20223
20428
20635
20847
21055
21251
21440
21620
21802
21985
22161
22338
22496
22653
22796
22949
23102
23253
23390
23524
23644
23763
23879
23999
24116
24219
24309
24397
24487
24570
24654
24733
24798
24855
24908
24960
25015
25065
25104
25136
25154
25177
25193
25215
25229
25231
25223
25206
25192
25178
25161
25145
25106
25068
25020
24968
24920
24872
24813
24740
24657
24578
24503
24423
24334
24243
24134
24017
23911
23797
23689
23572
23445
23303
23154
23017
22875
22734
22579
22420
22247
22074
21906
21734
21564
21378
21189
20990
20786
20592
20392
20189
19980
19760
19531
19308
19084
18865
18635
18395
18148
17893
17655
17407
17162
16914
16649
16380
16112
15846
15585
15321
15044
14765
14476
14189
13910
13630
13343
13054
12752
12451
12152
11862
11563
11269
10961
10645
10335
10026
9720
9414
9104
8787
8465
8138
7828
7511
7198
6877
6548
6222
5896
5582
5259
4938
4608
4274
3939
3616
3296
2979
2649
2320
1979
1650
1325
1008
683
354
25
-313
-636
-961
-1279
-1598
-1922
-2254
-2588
-2904
-3221
-3529
-3847
-4172
-4493
-4817
-5127
-5432
-5736
-6050
-6364
-6678
-6987
-7281
-7577
-7876
-8173
-8482
-8781
-9077
-9364
-9642
-9928
-10221
-10512
-10800
-11071
-11341
-11611
-11886
-12158
-12437
-12700
-12963
-13215
-13465
-13722
-13986
-14241
-14488
-14731
-14959
-15195
-15431
-15678
-15915
-16140
-16358
-16572
-16791
-17016
-17235
-17449
-17656
-17849
-18046
-18245
-18448
-18646
-18833
-19011
-19187
-19360
-19533
-19714
-19892
-20054
-20210
-20362
-20514
-20669
-20828
-20976
-21111
-21242
-21365
-21501
-21630
-21764
-21885
-21995
-22091
-22195
-22297
-22407
-22508
-22603
-22692
-22764
-22840
-22925
-23002
-23078
-23148
-23199
-23246
-23294
-23352
-23410
-23461
-23492
-23515
-23533
-23563
-23595
-23625
-23643
-23642
-23641
-23642
-23637
-23647
-23641
-23631
-23605
-23577
-23553
-23531
-23506
-23475
-23433
-23381
-23327
-23274
-23224
-23172
-23118
-23049
-22971
-22890
-22811
-22738
-22663
-22573
-22474
-22363
-22264
-22162
-22060
-21959
-21843
-21712
-21579
-21448
-21322
-21203
-21068
-20921
-20770
-20612
-20462
-20307
-20158
-20001
-19823
-19646
-19462
-19288
-19115
-18940
-18754
-18555
-18350
-18149
-17949
-17756
-17554
-17345
-17117
-16889
-16668
-16450
-16227
-16006
-15774
-15525
-15276
-15040
-14802
-14562
-14313
-14054
-13794
-13517
-13262
-13012
-12746
-12479
-12198
-11914
-11637
-11362
-11093
-10810
-10520
-10222
-9921
-9634
-9339
-9055
-8756
-8450
-8136
-7829
-7519
-7220
-6919
-6603
-6285
-5958
-5639
-5325
-5010
-4696
-4368
-4040
-3704
-3375
-3051
-2733
-2409
-2074
-1731
-1390
-1056
-728
-403
-66
267
613
960
1293
1623
1956
2295
2639
2982
3320
3652
3986
4318
4652
4999
5343
5676
6009
6336
6661
7000
7334
7669
7998
8318
8636
8965
9292
9624
9945
10261
10567
10878
11199
11512
11833
12140
12445
12739
13032
13335
13641
13944
14237
14519
14794
15077
15364
15649
15930
16204
16460
16717
16990
17252
17521
17779
18021
18266
18506
18746
18990
19228
19460
19678
19889
20105
20324
20548
20751
20956
21146
21332
21524
21716
21906
22083
22249
22409
22569
22724
22885
23041
23191
23325
23454
23583
23708
23837
23959
24063
24169
24258
24359
24455
24551
24636
24703
24765
24831
24890
24953
25008
25059
25093
25124
25150
25179
25212
25233
25239
25235
25232
25222
25216
25215
25197
25169
25129
25088
25051
25012
24974
24916
24852
24779
24704
24634
24559
24483
24393
24296
24192
24085
23984
23882
23768
23643
23509
23372
23234
23098
22963
22816
22663
22500
22330
22167
22008
21839
21657
21470
21280
21089
20895
20701
20507
20302
20084
19869
19653
19434
19217
18996
18754
18516
18275
18033
17796
17557
17302
17043
16781
16520
16259
16001
15740
15465
15183
14901
14619
14343
14068
13786
13496
13199
12903
12608
12322
12028
11728
11420
11108
10805
10500
10200
9894
9582
9259
8944
8630
8316
8005
7689
7367
7040
6716
6394
6078
5761
5437
5105
4775
4445
4119
3806
3481
3156
2821
2487
2151
1834
1512
1189
856
526
191
-133
-454
-768
-1096
-1428
-1755
-2081
-2399
-2717
-3029
-3348
-3677
-3994
-4323
-4635
-4941
-5248
-5563
-5880
-6197
-6500
-6805
-7097
-7396
-7708
-8011
-8319
-8613
-8896
-9180
-9474
-9770
-10061
-10350
-10628
-10897
-11170
-11450
-11730
-12011
-12276
-12541
-12796
-13051
-13314
-13577
-13836
-14088
-14325
-14564
-14806
-15053
-15299
-15540
-15767
-15984
-16211
-16433
-16662
-16884
-17098
-17308
-17509
-17708
-17915
-18122
-18328
-18516
-18697
-18881
-19060
-19250
-19434
-19611
-19781
-19933
-20092
-20250
-20416
-20577
-20733
-20871
-21008
-21140
-21281
-21417
-21550
-21676
-21791
-21899
-22008
-22122
-22242
-22343
-22444
-22532
-22612
-22700
-22786
-22872
-22949
-23020
-23079
-23136
-23199
-23268
-23325
-23378
-23416
-23443
-23480
-23514
-23559
-23585
-23607
-23619
-23625
-23628
-23642
-23650
-23656
-23644
-23623
-23598
-23584
-23572
-23559
-23526
-23495
-23446
-23402
-23352
-23320
-23273
-23216
-23150
-23078
-23005
-22943
-22874
-22802
-22716
-22620
-22523
-22424
-22338
-22246
-22142
-22028
-21905
-21778
-21663
-21547
-21427
-21295
-21153
-21003
-20860
-20710
-20574
-20428
-20268
-20102
-19923
-19756
-19586
-19423
-19250
-19069
-18871
-18672
-18478
-18291
-18105
-17904
-17692
-17470
-17256
-17040
-16829
-16614
-16394
-16157
-15915
-15678
-15445
-15211
-14975
-14729
-14469
-14206
-13952
-13700
-13447
-13190
-12924
-12644
-12364
-12094
-11825
-11553
-11276
-10988
-10690
-10397
-10108
-9826
-9538
-9244
-8940
-8631
-8324
-8023
-7721
-7425
-7111
-6792
-6471
-6151
-5847
-5533
-5218
-4894
-4565
-4233
-3910
-3588
-3273
-2947
-2606
-2272
-1934
-1602
-1278
-947
-612
-268
72
409
743
1075
1402
1745
2095
2438
2779
3106
3439
3777
4115
4464
4801
5143
5463
5796
6127
6467
6813
7148
7470
7794
8117
8438
8775
9110
9432
9752
10069
10380
10697
11019
11340
11648
11952
12255
12561
12863
13173
13480
13772
14054
14342
14630
14919
15213
15495
15767
16035
16299
16571
16845
17111
17371
17624
17868
18114
18368
18618
18861
19093
19314
19538
19762
19987
20212
20425
20628
20827
21026
21223
21420
21612
21797
21972
22134
22302
22470
22644
22801
22953
23092
23228
23366
23508
23639
23771
23879
23988
24092
24197
24304
24405
24491
24572
24640
24717
24790
24860
24923
24976
25016
25055
25096
25134
25165
25197
25208
25215
25218
25220
25226
25221
25211
25185
25157
25125
25100
25072
25032
24985
24927
24865
24800
24739
24675
24600
24519
24424
24329
24231
24136
24039
23933
23815
23688
23561
23435
23316
23182
23040
22885
22732
22568
22418
22264
22104
21926
21748
21563
21378
21197
21007
20815
20611
20400
20189
19980
19777
19560
19337
19108
18872
18639
18410
18177
17936
17688
17436
17175
16924
16671
16418
16158
15890
15609
15331
15062
14790
14519
14236
13948
13652
13362
13074
12791
12500
12201
11892
11587
11286
10988
10692
10384
10073
9756
9440
9126
8821
8510
8192
7872
7544
7223
6909
6590
6270
5949
5622
5290
4966
4641
4321
4002
3674
3338
3012
2680
2360
2042
1716
1381
1044
719
392
79
-243
-569
-904
-1239
-1561
-1877
-2194
-2510
-2840
-3165
-3487
-3811
-4119
-4428
-4744
-5058
-5384
-5700
-6010
-6309
-6608
-6916
-7224
-7535
-7838
-8138
-8422
-8707
-9007
-9308
-9606
-9894
-10170
-10446
-10725
-11009
-11296
-11572
-11847
-12107
-12363
-12628
-12903
-13175
-13432
-13690
-13930
-14180
-14425
-14677
-14928
-15172
-15403
-15628
-15855
-16087
-16320
-16546
-16764
-16976
-17182
-17393
-17612
-17820
-18028
-18222
-18412
-18590
-18781
-18972
-19163
-19342
-19515
-19680
-19842
-20009
-20188
-20350
-20505
-20645
-20786
-20932
-21079
-21230
-21367
-21495
-21612
-21725
-21845
-21967
-22090
-22200
-22302
-22393
-22487
-22580
-22677
-22768
-22852
-22929
-22990
-23056
-23124
-23197
-23267
-23319
-23361
-23399
-23437
-23480
-23528
-23562
-23587
-23597
-23610
-23630
-23644
-23666
-23673
-23668
-23654
-23638
-23628
-23624
-23615
-23588
-23556
-23514
-23474
-23439
-23410
-23369
-23315
-23252
-23187
-23117
-23062
-23002
-22933
-22849
-22757
-22671
-22579
-22494
-22405
-22308
-22196
-22079
-21964
-21849
-21743
-21627
-21499
-21361
-21217
-21080
-20944
-20808
-20667
-20518
-20346
-20180
-20018
-19860
-19694
-19523
-19342
-19152
-18962
-18777
-18597
-18407
-18211
-18001
-17790
-17578
-17371
-17166
-16955
-16732
-16496
-16265
-16029
-15803
-15578
-15343
-15098
-14844
-14581
-14336
-14084
-13838
-13584
-13321
-13040
-12767
-12495
-12236
-11972
-11694
-11409
-11116
-10828
-10543
-10264
-9980
-9681
-9380
-9074
-8765
-8474
-8182
-7884
-7568
-7254
-6931
-6622
-6314
-6006
-5692
-5364
-5037
-4708
-4389
-4074
-3753
-3433
-3092
-2755
-2421
-2098
-1775
-1449
-1112
-768
-426
-92
236
559
901
1243
1586
1933
2266
2598
2928
3263
3607
3954
4294
4624
4956
5288
5619
5964
6305
6640
6964
7286
7611
7946
8282
8616
8940
9249
9561
9891
10210
10535
10855
11167
11470
11773
12085
12398
12705
13015
13304
13593
13885
14182
14474
14765
15053
15328
15598
15872
16152
16426
16700
16959
17213
17461
17715
17975
18231
18475
18712
18944
19175
19402
19633
19865
20079
20290
20496
20699
20903
21113
21310
21502
21676
21847
22030
22204
22381
22547
22704
22849
22995
23144
23288
23425
23565
23682
23797
23908
24024
24139
24244
24343
24430
24508
24591
24671
24751
24821
24880
24929
24976
25023
25070
25112
25148
25166
25184
25192
25208
25224
25228
25226
25209
25188
25168
25154
25130
25100
25053
25003
24949
24895
24841
24784
24721
24645
24559
24471
24387
24302
24207
24107
23988
23872
23759
23639
23523
23399
23259
23113
22966
22821
22672
22527
22371
22201
22022
21849
21672
21499
21316
21129
20931
20727
20518
20327
20124
19910
19696
19468
19239
19009
18791
18566
18332
18089
17833
17588
17338
17091
16842
16581
16313
16039
15775
15510
15241
14971
14690
14404
14119
13830
13549
13268
12979
12679
12376
12074
11776
11487
11185
10879
10568
10256
9937
9636
9331
9017
8704
8382
8060
7737
7429
7115
6796
6471
6137
5808
5484
5169
4851
4529
4193
3859
3530
3207
2885
2564
2235
1901
1569
1239
917
603
281
-53
-383
-720
-1044
-1362
-1682
-2000
-2328
-2652
-2982
-3293
-3605
-3917
-4237
-4560
-4883
-5197
-5502
-5812
-6110
-6425
-6745
-7053
-7357
-7653
-7940
-8234
-8544
-8843
-9142
-9434
-9713
-9997
-10282
-10569
-10859
-11142
-11411
-11682
-11946
-12217
-12495
-12764
-13029
-13278
-13527
-13778
-14033
-14291
-14547
-14790
-15024
-15253
-15485
-15726
-15960
-16193
-16416
-16629
-16842
-17064
-17281
-17498
-17703
-17899
-18090
-18285
-18473
-18681
-18875
-19059
-19230
-19402
-19576
-19745
-19921
-20088
-20247
-20396
-20545
-20692
-20847
-21001
-21143
-21272
-21393
-21517
-21646
-21777
-21905
-22018
-22123
-22221
-22315
-22418
-22524
-22626
-22712
-22784
-22857
-22931
-23017
-23088
-23156
-23216
-23263
-23312
-23360
-23414
-23467
-23507
-23531
-23551
-23568
-23594
-23621
-23646
-23652
-23650
-23643
-23636
-23640
-23635
-23628
-23612
-23575
-23547
-23516
-23489
-23466
-23430
-23377
-23324
-23259
-23204
-23152
-23096
-23037
-22952
-22868
-22784
-22708
-22633
-22549
-22456
-22345
-22236
-22127
-22024
-21926
-21816
-21691
-21557
-21425
-21287
-21163
-21032
-20894
-20748
-20583
-20425
-20271
-20120
-19964
-19798
-19624
-19434
-19249
-19075
-18902
-18718
-18525
-18322
-18118
-17908
-17711
-17512
-17304
-17084
-16862
-16634
-16408
-16192
-15965
-15729
-15488
-15239
-14991
-14750
-14507
-14268
-14014
-13744
-13478
-13213
-12952
-12695
-12426
-12152
-11866
-11576
-11300
-11024
-10750
-10463
-10171
-9870
-9570
-9276
-8989
-8695
-8398
-8082
-7773
-7452
-7151
-6851
-6547
-6230
-5905
-5580
-5264
-4947
-4628
-4311
-3982
-3650
-3314
-2986
-2664
-2342
-2018
-1675
-1329
-998
-663
-337
-10
328
671
1014
1355
1688
2018
2349
2689
3033
3381
3717
4048
4380
4712
5047
5396
5736
6071
6394
6721
7049
7389
7730
8061
8384
8705
9021
9341
9671
10000
10316
10636
10943
11253
11568
11886
12198
12505
12802
13096
13396
13694
13996
14291
14575
14856
15134
15414
15698
15978
16254
16517
16778
17034
17298
17563
17820
18068
18316
18550
18788
19026
19267
19497
19718
19938
20148
20362
20569
20791
20991
21181
21366
21554
21739
21921
22106
22279
22442
22594
22754
22909
23063
23212
23355
23479
23607
23726
23851
23976
24087
24192
24284
24372
24466
24561
24645
24720
24786
24849
24907
24962
25020
25068
25109
25138
25162
25183
25208
25229
25243
25244
25237
25228
25216
25209
25195
25170
25135
25093
25047
25003
24959
24907
24845
24776
24700
24620
24548
24465
24380
24284
24177
24068
23961
23851
23743
23616
23489
23350
23210
23071
22936
22793
22636
22473
22301
22138
21972
21805
21626
21441
21246
21049
20856
20663
20473
20263
20048
19826
19609
19390
19172
18945
18716
18475
18231
17993
17745
17505
17262
17001
16733
16472
16210
15948
15687
15420
15143
14857
14576
14296
14014
13739
13447
13156
12845
12549
12259
11970
11673
11367
11054
10742
10436
10130
9829
9519
9205
8880
8559
8241
7936
7620
7305
6980
6651
6322
6005
5687
5372
5040
4709
4381
4053
3729
3415
3090
2764
2428
2096
1770
1447
1124
800
471
134
-198
-519
-837
-1156
-1480
-1811
-2137
-2462
-2779
-3089
-3406
-3728
-4055
-4375
-4690
-4996
-5305
-5614
-5929
-6244
-6553
-6860
-7156
-7450
-7751
-8057
-8364
-8663
-8951
-9237
-9521
-9812
-10109
-10400
-10681
-10955
-11222
-11497
-11772
-12051
-12319
-12591
-12844
-13096
-13356
-13622
-13881
-14133
-14379
-14620
-14855
-15098
-15339
-15582
-15818
-16037
-16249
-16472
-16697
-16924
-17140
-17351
-17555
-17747
-17949
-18159
-18359
-18556
-18742
-18920
-19096
-19272
-19458
-19643
-19813
-19973
-20128
-20278
-20439
-20599
-20754
-20901
-21032
-21167
-21296
-21432
-21569
-21698
-21817
-21923
-22026
-22136
-22255
-22365
-22464
-22553
-22628
-22711
-22795
-22881
-22966
-23040
-23095
-23149
-23207
-23274
-23330
-23385
-23424
-23461
-23489
-23522
-23557
-23591
-23617
-23633
-23633
-23628
-23638
-23649
-23658
-23651
-23638
-23613
-23590
-23565
-23552
-23529
-23497
-23447
-23394
-23346
-23306
-23257
-23211
-23145
-23069
-22994
-22920
-22855
-22782
-22703
-22608
-22508
-22405
-22308
-22211
-22113
-22009
-21889
-21765
-21633
-21513
-21392
-21272
-21134
-20989
-20835
-20678
-20537
-20394
-20240
-20080
-19902
-19724
-19551
-19384
-19216
-19038
-18846
-18647
-18449
-18254
-18065
-17873
-17663
-17449
-17223
-17005
-16785
-16573
-16355
-16124
-15881
-15638
-15399
-15164
-14930
-14693
-14433
-14174
-13911
-13651
-13402
-13142
-12880
-12608
-12328
-12045
-11769
-11498
-11226
-10938
-10647
-10350
-10057
-9764
-9477
-9189
-8892
-8579
-8270
-7965
-7666
-7368
-7050
-6739
-6418
-6097
-5777
-5469
-5155
-4838
-4512
-4180
-3851
-3524
-3203
-2884
-2550
-2214
-1877
-1539
-1212
-888
-556
-224
128
472
807
1139
1468
1804
2146
2491
2833
3167
3498
3832
4166
4509
4859
5195
5524
5855
6179
6519
6861
7200
7527
7853
8175
8499
8829
9160
9490
9808
10121
10433
10757
11070
11387
11707
12013
12311
12612
12913
13222
13527
13825
14111
14393
14680
14968
15260
15544
15823
16089
16354
16620
16892
17164
17424
17672
17918
18164
18409
18651
18900
19137
19363
19587
19801
20022
20244
20467
20669
20863
21055
21249
21447
21639
21823
22000
22167
22327
22496
22661
22823
22979
23118
23258
23386
23519
23657
23785
23905
24011
24115
24214
24316
24412
24509
24588
24661
24729
24800
24865
24930
24986
25033
25070
25102
25135
25172
25198
25217
25222
25228
25228
25222
25220
25213
25196
25164
25134
25096
25063
25026
24984
24927
24861
24792
24724
24661
24588
24511
24418
24321
24218
24119
24019
23913
23802
23674
23543
23411
23286
23156
23017
22869
22711
22551
22390
22230
22071
21902
21722
21538
21347
21163
20977
20784
20587
20382
20166
19952
19742
19527
19312
19084
18852
18605
18374
18138
17902
17658
17408
17152
16892
16634
16379
16121
15858
15579
15300
15025
14747
14480
14205
13919
13623
13323
13035
12746
12459
12164
11863
11554
11251
10945
10645
10347
10036
9719
9399
9084
8775
8463
8153
7838
7510
7187
6861
6545
6228
5911
5581
5248
4920
4601
4278
3960
3634
3301
2967
2636
2314
1998
1675
1350
1012
681
357
28
-281
-607
-936
-1268
-1598
-1922
-2238
-2550
-2868
-3193
-3518
-3841
-4158
-4463
-4772
-5090
-5409
-5728
-6038
-6341
-6641
-6937
-7245
-7561
-7868
-8164
-8460
-8749
-9039
-9335
-9630
-9922
-10207
-10484
-10756
-11034
-11318
-11604
-11874
-12144
-12400
-12661
-12925
-13192
-13464
-13716
-13966
-14206
-14452
-14706
-14948
-15194
-15431
-15654
-15881
-16107
-16341
-16569
-16791
-17003
-17207
-17409
-17620
-17830
-18040
-18240
-18425
-18611
-18794
-18986
-19174
-19359
-19532
-19694
-19856
-20018
-20188
-20354
-20511
-20660
-20801
-20934
-21079
-21223
-21361
-21497
-21619
-21730
-21847
-21967
-22085
-22195
-22308
-22398
-22489
-22574
-22678
-22767
-22854
-22930
-23001
-23054
-23124
-23194
-23262
-23325
-23368
-23404
-23444
-23480
-23522
-23561
-23597
-23612
-23619
-23627
-23648
-23663
-23676
-23670
-23664
-23646
-23628
-23618
-23611
-23591
-23556
-23518
-23475
-23434
-23398
-23358
-23312
-23255
-23183
-23113
-23050
-22990
-22923
-22848
-22764
-22667
-22571
-22479
-22396
-22300
-22195
-22077
-21960
-21842
-21726
-21613
-21497
-21358
-21215
-21072
-20929
-20793
-20660
-20507
-20346
-20179
-20009
-19842
-19681
-19518
-19342
-19156
-18963
-18767
-18580
-18397
-18206
-18004
-17792
-17578
-17364
-17157
-16948
-16734
-16501
-16266
-16033
-15792
-15569
-15339
-15100
-14845
-14583
-14331
-14082
-13832
-13580
-13316
-13046
-12768
-12491
-12227
-11963
-11688
-11410
-11118
-10824
-10539
-10250
-9968
-9676
-9377
-9070
-8762
-8465
-8171
-7867
-7562
-7246
-6926
-6610
-6303
-5994
-5682
-5360
-5028
-4704
-4383
-4063
-3747
-3420
-3096
-2752
-2413
-2084
-1759
-1436
-1106
-767
-423
-82
247
582
910
1242
1592
1936
2277
2609
2937
3271
3606
3954
4299
4635
4965
5294
5628
5962
6304
6643
6976
7294
7616
7945
8280
8614
8944
9262
9583
9892
10215
10537
10863
11179
11484
11790
12092
12399
12717
13020
13321
13605
13895
14186
14479
14772
15062
15336
15610
15884
16152
16430
16704
16970
17225
17476
17725
17977
18232
18482
18723
18952
19178
19403
19628
19858
20085
20297
20504
20699
20902
21107
21310
21503
21679
21853
22025
22199
22375
22542
22703
22848
22991
23134
23278
23425
23561
23687
23799
23910
24020
24134
24247
24347
24432
24512
24588
24668
24743
24822
24878
24932
24981
25028
25072
25113
25153
25172
25188
25202
25212
25220
25228
25226
25216
25192
25171
25149
25122
25098
25060
25008
24956
24893
24841
24784
24719
24647
24558
24473
24381
24296
24202
24107
23994
23876
23757
23631
23516
23393
23260
23118
22966
22813
22662
22517
22362
22192
22024
21839
21663
21488
21310
21126
20929
20724
20519
20318
20110
19910
19696
19471
19240
19010
18786
18560
18328
18090
17836
17584
17334
17088
16840
16586
16318
16050
15778
15503
15239
14972
14696
14410
14121
13827
13547
13262
12975
12678
12382
12077
11771
11473
11178
10879
10576
10255
9935
9627
9318
9013
8705
8380
8054
7735
7417
7103
6784
6467
6139
5801
5480
5154
4842
4522
4192
3860
3528
3198
2876
2555
2233
1906
1568
1233
918
593
272
-55
-386
-718
-1044
-1369
-1683
-1994
-2320
-2649
-2973
-3298
-3609
-3925
-4236
-4560
-4881
-5194
-5513
-5813
-6118
-6422
-6736
-7047
-7357
-7654
-7948
-8237
-8539
-8838
-9139
-9434
-9721
-10000
-10276
-10566
-10854
-11139
-11415
-11683
-11949
-12216
-12485
-12764
-13025
-13291
-13534
-13781
-14034
-14294
-14548
-14796
-15032
-15264
-15493
-15725
-15962
-16196
-16424
-16639
-16849
-17058
-17275
-17495
-17706
-17906
-18103
-18289
-18479
-18675
-18876
-19062
-19238
-19410
-19573
-19749
-19917
-20093
-20254
-20405
-20545
-20691
-20842
-20994
-21143
-21274
-21401
-21519
-21644
-21768
-21901
-22017
-22128
-22227
-22320
-22416
-22519
-22623
-22712
-22793
-22865
-22931
-23007
-23087
-23160
-23217
-23269
-23316
-23357
-23409
-23456
-23502
-23534
-23556
-23571
-23591
-23615
-23641
-23660
-23663
-23652
-23646
-23639
-23636
-23636
-23620
-23596
-23561
-23524
-23494
-23463
-23430
-23389
-23331
-23271
-23206
-23157
-23099
-23039
-22966
-22879
-22795
-22708
-22627
-22548
-22461
-22361
-22248
-22133
-22026
-21920
-21809
-21697
-21562
-21425
-21287
-21157
-21023
-20891
-20747
-20593
-20429
-20271
-20113
-19960
-19797
-19624
-19445
-19257
-19071
-18895
-18716
-18525
-18325
-18117
-17912
-17704
-17504
-17306
-17092
-16866
-16636
-16409
-16187
-15965
-15736
-15498
-15252
-14998
-14747
-14506
-14262
-14014
-13756
-13480
-13213
-12951
-12686
-12422
-12152
-11873
-11586
-11298
-11012
-10737
-10460
-10176
-9876
-9571
-9273
-8975
-8685
-8390
-8085
-7768
-7453
-7141
-6835
-6531
-6226
-5902
-5577
-5250
-4930
-4614
-4298
-3981
-3644
-3315
-2980
-2653
-2336
-2009
-1677
-1335
-997
-657
-327
-1
328
668
1012
1356
1690
2025
2353
2688
3034
3374
3716
4059
4384
4716
5051
5385
5732
6073
6401
6724
7051
7383
7719
8054
8384
8704
9022
9345
9667
9999
10322
10638
10944
11254
11562
11877
12197
12504
12805
13098
13391
13690
13989
14287
14581
14857
15135
15409
15688
15981
16257
16519
16784
17039
17295
17558
17818
18072
18315
18548
18785
19019
19261
19494
19723
19938
20151
20351
20564
20770
20982
21184
21363
21551
21731
21912
22096
22269
22437
22595
22742
22893
23050
23202
23345
23476
23592
23716
23838
23959
24077
24180
24288
24366
24455
24548
24633
24717
24786
24844
24900
24951
25009
25060
25100
25136
25159
25181
25204
25221
25244
25244
25240
25224
25209
25203
25187
25168
25129
25091
25044
24995
24949
24903
24843
24773
24701
24619
24541
24462
24379
24284
24185
24067
23956
23846
23736
23618
23491
23355
23210
23070
22934
22790
22636
22477
22312
22136
21967
21802
21629
21445
21252
21059
20858
20659
20467
20270
20067
19839
19618
19392
19170
18948
18725
18489
18243
17996
17749
17515
17265
17015
16756
16481
16221
15958
15697
15431
15157
14877
14592
14305
14026
13748
13464
13170
12872
12570
12270
11976
11689
11384
11079
10761
10448
10145
9841
9535
9225
8902
8582
8262
7949
7633
7322
6996
6664
6343
6017
5696
5380
5062
4727
4393
4064
3741
3421
3105
2776
2441
2107
1780
1451
1132
812
487
156
-184
-509
-827
-1145
-1464
-1793
-2122
-2450
-2768
-3087
-3392
-3710
-4033
-4361
-4675
-4993
-5298
-5603
-5914
-6223
-6541
-6854
-7145
-7443
-7739
-8043
-8352
-8656
-8946
-9222
-9512
-9796
-10089
-10381
-10672
-10953
-11217
-11487
-11763
-12037
-12316
-12580
-12841
-13100
-13345
-13609
-13869
-14129
-14375
-14616
-14853
-15091
-15321
-15568
-15807
-16040
-16256
-16470
-16685
-16913
-17134
-17351
-17549
-17749
-17943
-18145
-18349
-18549
-18738
-18920
-19093
-19267
-19448
-19630
-19808
-19970
-20124
-20278
-20430
-20586
-20745
-20898
-21031
-21164
-21288
-21419
-21557
-21689
-21814
-21924
-22027
-22133
-22240
-22352
-22455
-22549
-22638
-22714
-22792
-22878
-22959
-23037
-23105
-23159
-23212
-23264
-23323
-23386
-23437
-23469
-23497
-23519
-23551
-23580
-23609
-23629
-23643
-23640
-23636
-23641
-23653
-23651
-23641
-23618
-23595
-23567
-23547
-23523
-23497
-23457
-23408
-23351
-23307
-23256
-23214
-23152
-23087
-23009
-22923
-22852
-22778
-22703
-22621
-22524
-22416
-22313
-22215
-22117
-22014
-21900
-21776
-21642
-21513
-21389
-21271
-21144
-21001
-20847
-20692
-20547
-20399
-20246
-20091
-19920
-19744
-19564
-19393
-19224
-19052
-18863
-18667
-18467
-18270
-18069
-17879
-17685
-17466
-17248
-17029
-16802
-16586
-16370
-16147
-15910
-15669
-15422
-15183
-14944
-14707
-14463
-14199
-13937
-13671
-13414
-13157
-12905
-12638
-12356
-12070
-11794
-11520
-11249
-10968
-10679
-10385
-10084
-9792
-9503
-9213
-8921
-8612
-8301
-7988
-7684
-7386
-7081
-6769
-6448
-6128
-5806
-5494
-5181
-4865
-4541
-4210
-3878
-3548
-3228
-2906
-2583
-2248
-1911
-1571
-1236
-910
-581
-252
87
436
772
1113
1444
1772
2112
2452
2801
3138
3472
3801
4132
4470
4812
5160
5489
5820
6147
6478
6812
7156
7490
7822
8143
8459
8788
9123
9446
9776
10096
10408
10716
11030
11352
11672
11984
12290
12583
12882
13192
13497
13795
14086
14372
14654
14938
15223
15515
15800
16068
16333
16593
16862
17132
17396
17655
17901
18140
18382
18626
18873
19118
19342
19564
19779
20000
20217
20435
20647
20851
21046
21235
21422
21610
21807
21986
22158
22317
22481
22643
22805
22959
23108
23242
23374
23503
23635
23766
23893
24006
24100
24200
24301
24404
24497
24583
24661
24726
24789
24853
24918
24982
25036
25069
25099
25133
25163
25193
25217
25231
25231
25227
25225
25223
25220
25204
25177
25144
25103
25063
25030
24994
24943
24878
24810
24736
24668
24601
24522
24435
24333
24233
24128
24031
23924
23814
23695
23562
23429
23296
23166
23033
22888
22733
22571
22408
22246
22084
21920
21747
21560
21365
21176
20990
20804
20604
20401
20186
19968
19757
19544
19330
19104
18875
18640
18396
18160
17924
17682
17438
17181
16919
16657
16402
16147
15889
15615
15333
15055
14778
14509
14231
13953
13661
13364
13069
12781
12491
12201
11905
11595
11283
10979
10676
10375
10071
9754
9445
9126
8810
8498
8186
7869
7552
7223
6898
6579
6260
5944
5625
5294
4961
4628
4306
3990
3671
3342
3011
2676
2346
2022
1710
1389
1053
719
390
66
-251
-573
-897
-1226
-1555
-1881
-2200
-2515
-2822
-3146
-3471
-3801
-4121
-4426
-4734
-5041
-5357
-5678
-5990
-6298
-6603
-6900
-7199
-7507
-7822
-8126
-8417
-8709
-8995
-9284
-9580
-9874
-10170
-10446
-10720
-10997
-11273
-11556
-11839
-12109
-12371
-12626
-12891
-13155
-13421
-13686
-13937
-14179
-14420
-14662
-14908
-15163
-15399
-15628
-15851
-16078
-16305
-16531
-16757
-16975
-17178
-17385
-17588
-17800
-18008
-18211
-18404
-18589
-18767
-18953
-19138
-19326
-19505
-19675
-19834
-19995
-20160
-20322
-20485
-20637
-20780
-20912
-21053
-21191
-21332
-21471
-21598
-21712
-21825
-21940
-22059
-22177
-22283
-22387
-22471
-22561
-22647
-22740
-22829
-22912
-22987
-23046
-23108
-23172
-23242
-23305
-23355
-23395
-23435
-23467
-23504
-23550
-23588
-23607
-23620
-23627
-23638
-23652
-23666
-23672
-23666
-23651
-23632
-23619
-23604
-23590
-23567
-23526
-23487
-23435
-23399
-23360
-23320
-23261
-23198
-23126
-23057
-22992
-22931
-22862
-22777
-22687
-22586
-22489
-22401
-22314
-22210
-22099
-21975
-21859
-21739
-21622
-21508
-21382
-21245
-21095
-20946
-20807
-20670
-20527
-20376
-20207
-20033
-19862
-19700
-19537
-19368
-19189
-18996
-18803
-18610
-18426
-18237
-18041
-17832
-17616
-17395
-17182
-16976
-16766
-16547
-16312
-16072
-15840
-15606
-15378
-15142
-14900
-14646
-14386
-14130
-13880
-13632
-13373
-13100
-12827
-12545
-12280
-12004
-11739
-11462
-11174
-10885
-10592
-10304
-10017
-9736
-9443
-9139
-8827
-8519
-8220
-7927
-7627
-7315
-6995
-6674
-6363
-6051
-5746
-5426
-5104
-4773
-4442
-4118
-3802
-3485
-3161
-2820
-2484
-2151
-1818
-1501
-1164
-838
-496
-152
189
519
848
1177
1521
1869
2206
2550
2876
3205
3538
3877
4226
4567
4900
5229
5558
5890
6227
6570
6904
7228
7552
7876
8204
8541
8873
9200
9515
9831
10141
10470
10790
11109
11423
11723
12028
12332
12648
12952
13256
13556
13837
14129
14417
14708
15007
15291
15564
15831
16096
16375
16646
16917
17178
17430
17680
17929
18181
18432
18675
18909
19140
19357
19588
19815
20042
20260
20466
20668
20865
21063
21267
21458
21644
21820
21993
22156
22334
22508
22669
22822
22970
23107
23249
23393
23530
23659
23780
23888
23995
24106
24219
24320
24416
24499
24575
24649
24727
24802
24872
24929
24974
25020
25058
25106
25143
25175
25193
25201
25212
25218
25227
25230
25226
25207
25181
25156
25129
25105
25075
25031
24977
24913
24857
24803
24739
24669
24589
24501
24406
24311
24222
24128
24025
23907
23785
23663
23545
23421
23292
23155
23008
22848
22701
22548
22389
22234
22068
21884
21706
21526
21347
21170
20977
20780
20568
20361
20157
19956
19747
19528
19303
19067
18836
18607
18382
18148
17900
17647
17392
17142
16896
16644
16388
16117
15848
15573
15299
15033
14765
14482
14196
13906
13615
13329
13047
12756
12459
12154
11849
11549
11252
10950
10652
10339
10020
9707
9395
9089
8781
8463
8139
7815
7495
7179
6866
6549
6220
5891
5563
5234
4919
4600
4276
3943
3610
3279
2950
2632
2308
1981
1652
1316
983
665
344
24
-302
-636
-966
-1291
-1614
-1923
-2244
-2567
-2894
-3222
-3544
-3852
-4158
-4471
-4797
-5113
-5435
-5739
-6044
-6345
-6647
-6962
-7280
-7579
-7877
-8171
-8458
-8757
-9060
-9360
-9650
-9932
-10213
-10490
-10779
-11065
-11346
-11625
-11883
-12150
-12419
-12694
-12963
-13225
-13478
-13729
-13979
-14228
-14484
-14735
-14979
-15209
-15443
-15667
-15903
-16140
-16374
-16594
-16804
-17017
-17226
-17437
-17655
-17857
-18058
-18248
-18434
-18623
-18821
-19014
-19197
-19374
-19539
-19704
-19875
-20042
-20215
-20375
-20520
-20662
-20801
-20951
-21103
-21248
-21376
-21488
-21609
-21732
-21863
-21984
-22097
-22201
-22292
-22388
-22487
-22587
-22683
-22773
-22846
-22912
-22986
-23060
-23135
-23205
-23257
-23303
-23348
-23390
-23442
-23491
-23531
-23559
-23578
-23586
-23610
-23629
-23650
-23663
-23660
-23651
-23638
-23635
-23633
-23624
-23605
-23571
-23531
-23498
-23470
-23437
-23394
-23351
-23291
-23231
-23167
-23111
-23058
-22986
-22908
-22817
-22725
-22645
-22562
-22477
-22384
-22276
-22164
-22043
-21936
-21827
-21722
-21592
-21460
-21319
-21183
-21053
-20920
-20778
-20628
-20467
-20303
-20146
-19989
-19828
-19666
-19486
-19297
-19114
-18931
-18748
-18569
-18376
-18168
-17959
-17746
-17543
-17347
-17136
-16919
-16688
-16455
-16229
-16006
-15779
-15551
-15307
-15058
-14805
-14557
-14315
-14069
-13820
-13550
-13279
-13009
-12742
-12482
-12218
-11947
-11664
-11376
-11084
-10806
-10528
-10244
-9954
-9646
-9343
-9042
-8750
-8457
-8163
-7845
-7533
-7216
-6908
-6600
-6292
-5980
-5657
-5330
-5003
-4687
-4376
-4054
-3729
-3393
-3056
-2727
-2408
-2083
-1749
-1420
-1079
-734
-403
-72
250
586
932
1270
1616
1950
2281
2606
2940
3289
3632
3975
4308
4632
4965
5300
5642
5981
6322
6646
6964
7296
7630
7964
8303
8627
8944
9262
9586
9910
10237
10557
10870
11176
11482
11790
12110
12423
12727
13021
13313
13606
13909
14214
14507
14790
15071
15347
15625
15902
16178
16456
16718
16976
17230
17489
17748
18009
18255
18494
18724
18959
19195
19426
19658
19882
20091
20298
20505
20720
20924
21128
21319
21498
21683
21863
22043
22224
22392
22552
22707
22855
23006
23156
23300
23439
23560
23682
23807
23921
24044
24156
24254
24342
24430
24519
24605
24690
24764
24831
24885
24940
24989
25044
25093
25127
25153
25178
25197
25214
25235
25246
25244
25235
25219
25204
25191
25175
25148
25113
25060
25009
24965
24915
24860
24800
24726
24643
24565
24480
24403
24311
24212
24110
23991
23878
23770
23651
23531
23394
23255
23112
22968
22824
22679
22528
22359
22183
22016
21840
21673
21496
21311
21118
20916
20711
20519
20324
20122
19908
19682
19452
19228
19007
18789
18557
18315
18064
17820
17577
17334
17090
16830
16567
16297
16030
15769
15506
15239
14964
14672
14387
14106
13825
13551
13262
12965
12666
12363
12064
11772
11478
11179
10858
10548
10235
9927
9628
9315
9001
8675
8354
8037
7726
7409
7092
6765
6437
6110
5790
5468
5152
4826
4495
4162
3829
3511
3191
2868
2535
2208
1872
1542
1218
905
579
246
-84
-414
-736
-1055
-1373
-1697
-2020
-2347
-2675
-2994
-3302
-3615
-3940
-4261
-4578
-4893
-5207
-5509
-5814
-6128
-6441
-6757
-7061
-7354
-7649
-7947
-8252
-8556
-8854
-9144
-9429
-9711
-9993
-10285
-10581
-10864
-11141
-11407
-11673
-11947
-12224
-12498
-12762
-13023
-13274
-13527
-13792
-14052
-14303
-14547
-14783
-15017
-15255
-15496
-15736
-15966
-16191
-16409
-16620
-16839
-17062
-17286
-17497
-17693
-17892
-18084
-18280
-18482
-18681
-18869
-19043
-19213
-19390
-19566
-19746
-19916
-20076
-20231
-20373
-20532
-20688
-20842
-20987
-21128
-21252
-21377
-21504
-21642
-21770
-21892
-21999
-22095
-22200
-22310
-22420
-22518
-22608
-22686
-22768
-22846
-22926
-23007
-23082
-23143
-23198
-23245
-23298
-23358
-23414
-23456
-23494
-23514
-23539
-23568
-23599
-23625
-23636
-23644
-23642
-23638
-23642
-23648
-23644
-23626
-23606
-23577
-23549
-23529
-23503
-23472
-23428
-23370
-23315
-23267
-23221
-23173
-23107
-23037
-22953
-22872
-22794
-22728
-22647
-22556
-22455
-22343
-22243
-22147
-22044
-21939
-21817
-21687
-21555
-21426
-21306
-21185
-21045
-20900
-20744
-20588
-20439
-20289
-20139
-19980
-19802
-19621
-19447
-19267
-19106
-18922
-18731
-18534
-18331
-18131
-17937
-17742
-17537
-17327
-17103
-16879
-16658
-16444
-16227
-15998
-15756
-15513
-15264
-15026
-14790
-14552
-14302
-14034
-13773
-13509
-13251
-12997
-12733
-12464
-12183
-11897
-11617
-11344
-11072
-10787
-10498
-10200
-9901
-9604
-9316
-9027
-8729
-8420
-8105
-7799
-7493
-7187
-6884
-6568
-6247
-5924
-5604
-5292
-4977
-4659
-4332
-4004
-3668
-3340
-3019
-2697
-2373
-2036
-1702
-1363
-1031
-700
-378
-42
303
647
986
1316
1645
1976
2319
2663
3004
3344
3672
4002
4339
4677
5021
5367
5695
6030
6343
6676
7015
7359
7691
8014
8335
8656
8988
9314
9645
9968
10282
10589
10907
11218
11544
11859
12164
12464
12763
13062
13366
13673
13973
14261
14544
14823
15110
15395
15680
15959
16227
16487
16754
17017
17290
17543
17803
18047
18288
18527
18769
19016
19246
19478
19696
19906
20126
20349
20564
20771
20970
21159
21340
21530
21727
21911
22085
22255
22415
22574
22736
22898
23050
23183
23320
23450
23577
23709
23838
23951
24069
24163
24261
24357
24450
24549
24629
24702
24760
24828
24892
24953
25010
25055
25088
25124
25148
25181
25209
25228
25231
25232
25226
25228
25225
25210
25194
25160
25129
25089
25053
25014
24971
24913
24847
24774
24701
24630
24561
24476
24388
24287
24180
24075
23979
23867
23754
23627
23489
23360
23224
23092
22951
22806
22647
22481
22317
22157
21995
21824
21643
21454
21257
21073
20886
20697
20494
20285
20070
19855
19640
19428
19216
18983
18749
18507
18270
18037
17801
17558
17305
17045
16783
16520
16266
16015
15738
15471
15192
14911
14639
14365
14091
13806
13515
13216
12916
12632
12342
12049
11749
11437
11130
10828
10521
10225
9915
9603
9283
8963
8648
8337
8029
7706
7387
7055
6731
6417
6098
5780
5453
5127
4793
4467
4143
3830
3505
3175
2836
2508
2180
1856
1543
1220
887
547
228
-99
-414
-737
-1059
-1391
-1719
-2047
-2361
-2676
-2994
-3311
-3638
-3960
-4277
-4583
-4890
-5200
-5517
-5833
-6146
-6454
-6753
-7050
-7352
-7658
-7966
-8272
-8561
-8848
-9140
-9431
-9727
-10020
-10309
-10581
-10856
-11131
-11410
-11698
-11970
-12242
-12494
-12757
-13021
-13285
-13553
-13809
-14058
-14300
-14534
-14784
-15034
-15279
-15518
-15747
-15961
-16186
-16415
-16646
-16870
-17085
-17288
-17488
-17693
-17903
-18112
-18311
-18501
-18681
-18862
-19046
-19233
-19419
-19590
-19752
-19911
-20073
-20236
-20398
-20560
-20713
-20848
-20984
-21117
-21260
-21398
-21534
-21661
-21770
-21882
-21997
-22118
-22227
-22334
-22427
-22515
-22599
-22689
-22784
-22876
-22953
-23015
-23079
-23138
-23205
-23273
-23332
-23381
-23413
-23449
-23488
-23524
-23566
-23597
-23616
-23624
-23632
-23644
-23658
-23669
-23673
-23662
-23640
-23623
-23610
-23595
-23578
-23551
-23508
-23459
-23422
-23376
-23344
-23296
-23235
-23165
-23098
-23027
-22962
-22894
-22822
-22733
-22632
-22538
-22443
-22354
-22262
-22162
-22043
-21920
-21794
-21683
-21568
-21443
-21315
-21169
-21019
-20869
-20736
-20598
-20449
-20290
-20119
-19948
-19781
-19619
-19455
-19278
-19092
-18896
-18703
-18512
-18324
-18134
-17934
-17722
-17507
-17291
-17079
-16869
-16654
-16430
-16196
-15959
-15718
-15490
-15257
-15021
-14773
-14513
-14256
-14000
-13753
-13505
-13239
-12971
-12693
-12413
-12144
-11873
-11601
-11321
-11033
-10737
-10446
-10157
-9877
-9590
-9288
-8983
-8677
-8369
-8075
-7777
-7475
-7153
-6835
-6518
-6199
-5891
-5580
-5261
-4935
-4602
-4275
-3952
-3635
-3315
-2986
-2650
-2312
-1978
-1652
-1328
-999
-657
-316
22
354
690
1014
1349
1691
2038
2378
2714
3042
3377
3711
4057
4401
4743
5070
5404
5729
6065
6401
6740
7077
7404
7723
8045
8379
8709
9040
9362
9684
9994
10312
10633
10954
11273
11583
11888
12190
12496
12807
13111
13412
13702
13992
14279
14573
14869
15157
15434
15705
15975
16246
16517
16794
17062
17316
17569
17813
18060
18315
18565
18798
19033
19256
19480
19707
19934
20158
20372
20572
20772
20970
21164
21370
21561
21742
21913
22082
22253
22427
22593
22750
22898
23040
23178
23323
23465
23599
23724
23841
23947
24058
24164
24267
24370
24460
24538
24609
24687
24766
24838
24899
24946
24996
25035
25080
25120
25156
25182
25198
25208
25213
25218
25223
25231
25217
25193
25166
25143
25120
25089
25052
25004
24945
24882
24826
24766
24701
24629
24540
24450
24357
24269
24171
24078
23972
23845
23724
23597
23475
23350
23214
23074
22924
22773
22615
22467
22309
22142
21970
21783
21603
21421
21243
21062
20870
20666
20457
20246
20045
19838
19623
19402
19169
18940
18709
18481
18252
18012
17766
17508
17256
17003
16755
16502
16244
15975
15697
15426
15156
14886
14615
14334
14043
13753
13461
13181
12894
12603
12301
11999
11690
11391
11094
10800
10492
10172
9857
9541
9235
8929
8618
8300
7978
7645
7329
7011
6695
6375
6051
5720
5389
5068
4745
4427
4101
3767
3431
3104
2786
2465
2140
1814
1479
1146
816
501
178
-150
-473
-807
-1135
-1463
-1778
-2086
-2404
-2731
-3062
-3383
-3704
-4009
-4324
-4636
-4957
-5274
-5594
-5898
-6197
-6501
-6807
-7121
-7428
-7729
-8022
-8317
-8612
-8906
-9205
-9504
-9786
-10068
-10347
-10628
-10917
-11201
-11481
-11754
-12016
-12282
-12549
-12825
-13095
-13355
-13611
-13851
-14100
-14348
-14610
-14858
-15096
-15333
-15559
-15790
-16029
-16262
-16490
-16703
-16916
-17121
-17338
-17553
-17763
-17970
-18161
-18354
-18539
-18731
-18926
-19118
-19293
-19460
-19627
-19792
-19964
-20140
-20297
-20453
-20594
-20736
-20881
-21033
-21176
-21315
-21442
-21561
-21680
-21803
-21924
-22049
-22157
-22256
-22348
-22442
-22542
-22643
-22737
-22815
-22890
-22955
-23018
-23103
-23169
-23238
-23288
-23330
-23367
-23417
-23467
-23515
-23549
-23575
-23593
-23610
-23627
-23652
-23668
-23673
-23671
-23659
-23642
-23639
-23637
-23623
-23599
-23565
-23527
-23489
-23464
-23429
-23386
-23335
-23266
-23206
-23147
-23093
-23030
-22953
-22876
-22789
-22692
-22613
-22529
-22441
-22341
-22233
-22114
-21998
-21891
-21787
-21674
-21544
-21404
-21260
-21131
-20994
-20862
-20718
-20559
-20398
-20233
-20074
-19920
-19757
-19588
-19406
-19217
-19031
-18849
-18668
-18488
-18289
-18077
-17864
-17658
-17458
-17257
-17048
-16824
-16593
-16362
-16137
-15911
-15683
-15448
-15204
-14947
-14696
-14449
-14212
-13965
-13706
-13438
-13165
-12897
-12634
-12374
-12103
-11826
-11538
-11247
-10963
-10682
-10405
-10119
-9818
-9518
-9216
-8920
-8626
-8335
-8025
-7710
-7397
-7081
-6775
-6468
-6163
-5849
-5516
-5188
-4863
-4549
-4233
-3911
-3583
-3246
-2911
-2584
-2257
-1941
-1610
-1275
-929
-592
-258
72
401
732
1078
1424
1759
2092
2421
2755
3094
3441
3780
4122
4451
4778
5109
5446
5793
6130
6467
6786
7113
7439
7780
8116
8441
8766
9085
9402
9727
10049
10380
10699
11006
11311
11618
11928
12244
12556
12863
13157
13449
13744
14044
14340
14629
14913
15190
15465
15748
16030
16303
16574
16835
17089
17345
17602
17864
18117
18362
18600
18833
19067
19301
19536
19765
19981
20189
20396
20599
20812
21020
21216
21404
21583
21763
21941
22127
22294
22468
22619
22772
22917
23072
23222
23361
23494
23614
23735
23854
23969
24091
24197
24292
24375
24462
24555
24642
24717
24792
24852
24910
24958
25017
25063
25108
25143
25161
25182
25202
25224
25240
25247
25241
25227
25213
25194
25183
25162
25132
25091
25044
24992
24945
24893
24840
24766
24691
24612
24530
24447
24366
24270
24167
24061
23943
23829
23718
23599
23471
23334
23192
23042
22901
22760
22609
22449
22284
22111
21934
21764
21591
21411
21222
21028
20824
20627
20427
20225
20017
19800
19574
19350
19128
18909
18685
18449
18208
17958
17707
17470
17220
16973
16713
16447
16182
15913
15650
15387
15118
14837
14552
14264
13980
13703
13423
13135
12832
12534
12234
11937
11649
11349
11043
10728
10418
10103
9798
9488
9183
8862
8539
8214
7904
7588
7270
6949
6622
6293
5968
5649
5330
5009
4685
4348
4016
3691
3370
3048
2725
2392
2057
1725
1398
1075
757
425
99
-238
-565
-885
-1199
-1517
-1844
-2174
-2501
-2821
-3138
-3446
-3758
-4084
-4403
-4725
-5034
-5346
-5645
-5950
-6266
-6582
-6894
-7192
-7489
-7780
-8076
-8384
-8689
-8982
-9273
-9552
-9837
-10122
-10412
-10702
-10984
-11254
-11527
-11793
-12062
-12345
-12617
-12875
-13130
-13386
-13642
-13900
-14163
-14410
-14652
-14887
-15122
-15361
-15604
-15843
-16074
-16293
-16506
-16720
-16941
-17163
-17381
-17588
-17788
-17975
-18177
-18378
-18578
-18770
-18953
-19123
-19294
-19474
-19649
-19828
-19993
-20154
-20301
-20449
-20602
-20760
-20911
-21053
-21180
-21304
-21434
-21559
-21697
-21826
-21941
-22041
-22140
-22247
-22355
-22456
-22561
-22644
-22719
-22790
-22880
-22962
-23041
-23104
-23165
-23215
-23268
-23323
-23381
-23430
-23472
-23500
-23524
-23554
-23577
-23612
-23634
-23641
-23642
-23641
-23640
-23647
-23644
-23636
-23619
-23591
-23568
-23540
-23518
-23499
-23457
-23408
-23348
-23296
-23247
-23204
-23147
-23080
-23000
-22920
-22838
-22763
-22693
-22608
-22513
-22405
-22294
-22194
-22096
-21998
-21884
-21760
-21627
-21496
-21372
-21250
-21116
-20977
-20820
-20671
-20515
-20365
-20222
-20059
-19891
-19718
-19539
-19364
-19188
-19016
-18834
-18640
-18441
-18234
-18036
-17842
-17648
-17437
-17225
-16997
-16772
-16554
-16339
-16116
-15886
-15643
-15394
-15156
-14913
-14677
-14430
-14183
-13907
-13648
-13385
-13128
-12872
-12603
-12326
-12051
-11764
-11484
-11217
-10937
-10651
-10354
-10058
-9760
-9461
-9183
-8887
-8581
-8270
-7959
-7652
-7348
-7047
-6735
-6417
-6092
-5769
-5454
-5138
-4825
-4505
-4172
-3839
-3507
-3183
-2868
-2541
-2212
-1874
-1530
-1194
-865
-541
-214
126
471
815
1156
1481
1804
2138
2487
2829
3172
3509
3835
4166
4500
4840
5188
5525
5854
6176
6506
6838
7180
7516
7847
8170
8485
8814
9146
9476
9799
10115
10435
10743
11056
11374
11695
12009
12311
12609
12904
13210
13508
13816
14111
14399
14681
14964
15247
15537
15818
16093
16355
16618
16885
17151
17422
17677
17928
18170
18411
18651
18891
19130
19365
19586
19804
20016
20236
20452
20670
20869
21063
21254
21438
21629
21817
22004
22174
22335
22492
22657
22812
22967
23119
23251
23386
23520
23644
23778
23900
24013
24114
24210
24305
24402
24500
24583
24660
24729
24798
24863
24921
24983
25036
25076
25105
25135
25166
25198
25218
25233
25236
25230
25224
25224
25221
25205
25181
25150
25110
25069
25033
24991
24940
24879
24812
24741
24673
24595
24519
24431
24340
24238
24129
24025
23922
23814
23692
23558
23426
23288
23158
23020
22875
22717
22560
22393
22229
22065
21901
21729
21543
21351
21159
20964
20777
20587
20378
20165
19946
19733
19516
19302
19081
18848
18608
18373
18133
17898
17660
17414
17156
16898
16632
16375
16119
15861
15589
15312
15031
14752
14478
14201
13923
13637
13339
13040
12748
12459
12171
11875
11569
11264
10951
10650
10350
10045
9738
9418
9101
8779
8469
8157
7842
7521
7196
6869
6542
6226
5914
5591
5263
4933
4598
4276
3953
3639
3312
2976
2641
2312
1988
1670
1348
1021
685
350
24
-296
-615
-933
-1258
-1593
-1917
-2237
-2555
-2868
-3188
-3510
-3835
-4154
-4468
-4771
-5079
-5387
-5707
-6021
-6338
-6641
-6929
-7234
-7539
-7844
-8147
-8450
-8732
-9022
-9308
-9607
-9902
-10196
-10475
-10748
-11021
-11297
-11578
-11862
-12133
-12400
-12658
-12916
-13178
-13443
-13701
-13962
-14203
-14446
-14686
-14933
-15186
-15425
-15658
-15878
-16104
-16330
-16551
-16782
-17003
-17216
-17415
-17618
-17816
-18033
-18238
-18431
-18618
-18796
-18976
-19163
-19351
-19527
-19700
-19861
-20018
-20177
-20336
-20499
-20653
-20802
-20934
-21066
-21206
-21345
-21487
-21612
-21732
-21836
-21947
-22062
-22181
-22292
-22388
-22481
-22565
-22653
-22737
-22832
-22918
-22989
-23055
-23110
-23176
-23241
-23302
-23358
-23404
-23438
-23465
-23506
-23547
-23582
-23607
-23626
-23632
-23635
-23644
-23661
-23670
-23668
-23653
-23632
-23614
-23597
-23583
-23564
-23532
-23488
-23442
-23393
-23358
-23316
-23265
-23200
-23127
-23058
-22985
-22921
-22852
-22770
-22679
-22582
-22485
-22386
-22295
-22205
-22091
-21972
-21850
-21727
-21610
-21493
-21368
-21233
-21080
-20937
-20791
-20648
-20506
-20349
-20188
-20016
-19845
-19675
-19512
-19343
-19163
-18965
-18775
-18578
-18388
-18200
-18000
-17800
-17583
-17367
-17153
-16939
-16727
-16514
-16279
-16046
-15804
-15567
-15339
-15104
-14867
-14611
-14349
-14092
-13839
-13588
-13340
-13070
-12794
-12518
-12240
-11970
-11703
-11429
-11141
-10852
-10553
-10262
-9976
-9692
-9403
-9097
-8787
-8482
-8179
-7879
-7586
-7272
-6952
-6629
-6308
-5998
-5685
-5376
-5053
-4725
-4388
-4062
-3743
-3425
-3102
-2768
-2431
-2096
-1758
-1438
-1111
-778
-445
-95
246
577
906
1238
1571