10000	10
-14947
-14693
-14438
-14189
-13941
-13696
-13440
-13175
-12906
-12629
-12362
-12103
-11837
-11554
-11276
-10981
-10694
-10413
-10135
-9858
-9564
-9257
-8955
-8656
-8359
-8068
-7765
-7457
-7146
-6826
-6519
-6208
-5902
-5593
-5271
-4947
-4618
-4303
-3987
-3671
-3347
-3013
-2676
-2350
-2026
-1708
-1382
-1051
-714
-373
-41
285
607
941
1277
1619
1957
2296
2620
2945
3279
3619
3963
4299
4634
4958
5283
5616
5956
6293
6620
6944
7264
7593
7919
8247
8583
8904
9219
9533
9851
10178
10496
10816
11124
11430
11728
12040
12349
12660
12960
13254
13547
13834
14125
14422
14715
14997
15273
15541
15812
16087
16369
16640
16897
17152
17406
17654
17910
18165
18411
18646
18875
19108
19333
19567
19796
20012
20224
20428
20625
20835
21041
21236
21426
21606
21780
21957
22137
22313
22480
22634
22779
22928
23076
23219
23364
23499
23618
23733
23855
23968
24084
24196
24292
24379
24465
24546
24633
24711
24788
24848
24907
24956
25009
25057
25103
25144
25167
25186
25204
25217
25235
25251
25254
25233
25221
25207
25187
25174
25144
25107
25063
25015
24961
24914
24862
24798
24727
24646
24561
24483
24398
24311
24212
24103
23992
23874
23768
23653
23530
23398
23259
23118
22973
22832
22692
22534
22371
22198
22027
21860
21689
21516
21333
21139
20940
20744
20546
20358
20152
19939
19723
19495
19280
19061
18837
18611
18375
18128
17885
17646
17402
17161
16909
16648
16384
16120
15859
15599
15336
15066
14782
14495
14222
13945
13666
13385
13092
12797
12498
12206
11916
11625
11324
11015
10710
10398
10098
9798
9491
9179
8866
8544
8226
7913
7603
7292
6970
6646
6320
6003
5687
5376
5052
4727
4393
4067
3749
3432
3111
2786
2457
2123
1800
1484
1168
848
522
192
-138
-462
-772
-1088
-1408
-1733
-2060
-2384
-2696
-3008
-3316
-3631
-3952
-4274
-4587
-4895
-5196
-5497
-5813
-6117
-6433
-6736
-7032
-7323
-7624
-7924
-8226
-8527
-8812
-9098
-9377
-9665
-9957
-10246
-10530
-10807
-11074
-11342
-11617
-11893
-12170
-12433
-12696
-12944
-13196
-13455
-13717
-13977
-14222
-14459
-14693
-14938
-15181
-15424
-15655
-15886
-16103
-16314
-16538
-16763
-16984
-17202
-17403
-17596
-17794
-17994
-18200
-18405
-18594
-18775
-18950
-19126
-19306
-19489
-19670
-19832
-19989
-20141
-20295
-20453
-20613
-20760
-20900
-21029
-21163
-21295
-21439
-21567
-21691
-21806
-21908
-22016
-22130
-22242
-22348
-22447
-22531
-22612
-22693
-22788
-22880
-22958
-23026
-23079
-23138
-23200
-23264
-23325
-23376
-23412
-23448
-23479
-23518
-23553
-23587
-23611
-23621
-23622
-23631
-23640
-23651
-23659
-23653
-23632
-23616
-23594
-23581
-23563
-23540
-23501
-23460
-23408
-23369
-23330
-23289
-23237
-23167
-23093
-23024
-22955
-22886
-22819
-22737
-22647
-22545
-22453
-22361
-22270
-22169
-22059
-21941
-21812
-21696
-21582
-21466
-21341
-21201
-21056
-20911
-20770
-20629
-20483
-20335
-20172
-19997
-19832
-19668
-19507
-19337
-19158
-18963
-18770
-18579
-18401
-18210
-18017
-17811
-17598
-17383
-17175
-16964
-16755
-16539
-16313
-16075
-15835
-15612
-15385
-15155
-14909
-14657
-14402
-14144
-13897
-13650
-13394
-13136
-12864
-12591
-12316
-12049
-11789
-11515
-11232
-10933
-10646
-10366
-10081
-9798
-9515
-9212
-8907
-8607
-8303
-8014
-7716
-7411
-7092
-6776
-6465
-6157
-5853
-5543
-5219
-4895
-4570
-4243
-3932
-3614
-3296
-2961
-2627
-2300
-1969
-1647
-1324
-997
-660
-321
12
344
678
1003
1338
1680
2020
2353
2680
3007
3339
3678
4020
4361
4694
5019
5344
5673
6009
6345
6681
7007
7331
7653
7975
8307
8638
8962
9278
9592
9908
10223
10550
10866
11181
11481
11780
12085
12396
12707
13008
13307
13593
13878
14172
14465
14758
15039
15314
15581
15855
16129
16405
16676
16937
17192
17439
17687
17941
18195
18442
18677
18903
19128
19356
19588
19812
20033
20237
20441
20643
20847
21051
21248
21442
21621
21794
21967
22142
22316
22492
22641
22793
22935
23081
23225
23371
23508
23625
23744
23857
23972
24084
24200
24296
24386
24465
24552
24632
24712
24790
24850
24903
24951
24999
25052
25100
25135
25170
25183
25199
25211
25228
25246
25243
25234
25210
25190
25176
25164
25136
25101
25055
24999
24956
24897
24852
24783
24714
24629
24548
24463
24385
24297
24201
24093
23976
23861
23749
23636
23513
23388
23248
23104
22955
22817
22674
22522
22360
22189
22016
21844
21676
21503
21318
21128
20931
20729
20531
20341
20141
19928
19709
19486
19262
19044
18824
18597
18362
18119
17876
17634
17392
17147
16899
16640
16378
16109
15847
15586
15324
15054
14772
14489
14207
13928
13649
13370
13083
12785
12489
12190
11899
11609
11312
11008
10697
10388
10085
9780
9477
9174
8853
8529
8215
7900
7589
7277
6961
6631
6305
5983
5667
5356
5037
4712
4378
4052
3730
3412
3093
2776
2443
2113
1781
1461
1144
827
502
173
-157
-483
-801
-1116
-1429
-1750
-2084
-2404
-2724
-3033
-3340
-3650
-3976
-4294
-4612
-4923
-5221
-5524
-5831
-6143
-6458
-6762
-7058
-7355
-7647
-7943
-8252
-8551
-8841
-9130
-9412
-9694
-9981
-10265
-10561
-10833
-11107
-11370
-11645
-11919
-12195
-12471
-12727
-12976
-13227
-13488
-13748
-14005
-14256
-14495
-14726
-14962
-15203
-15448
-15681
-15914
-16132
-16343
-16562
-16785
-17009
-17228
-17431
-17625
-17822
-18016
-18224
-18423
-18616
-18795
-18969
-19141
-19322
-19504
-19686
-19847
-20001
-20153
-20308
-20472
-20623
-20779
-20924
-21051
-21182
-21312
-21447
-21585
-21705
-21816
-21926
-22030
-22136
-22257
-22364
-22461
-22548
-22626
-22706
-22794
-22883
-22964
-23031
-23089
-23145
-23200
-23268
-23324
-23376
-23417
-23450
-23478
-23511
-23552
-23588
-23605
-23618
-23623
-23631
-23638
-23647
-23656
-23646
-23632
-23606
-23585
-23571
-23560
-23531
-23498
-23452
-23404
-23357
-23314
-23273
-23221
-23157
-23082
-23011
-22939
-22876
-22801
-22723
-22628
-22533
-22431
-22343
-22253
-22156
-22045
-21923
-21800
-21681
-21561
-21444
-21327
-21193
-21039
-20889
-20748
-20607
-20472
-20317
-20159
-19987
-19814
-19644
-19483
-19318
-19141
-18948
-18757
-18563
-18371
-18190
-17997
-17797
-17581
-17365
-17152
-16941
-16737
-16523
-16297
-16059
-15820
-15586
-15360
-15128
-14887
-14638
-14380
-14126
-13874
-13630
-13380
-13120
-12844
-12575
-12295
-12031
-11766
-11496
-11215
-10928
-10638
-10348
-10068
-9788
-9497
-9198
-8891
-8585
-8286
-7994
-7701
-7397
-7080
-6762
-6448
-6138
-5837
-5528
-5210
-4883
-4556
-4237
-3918
-3607
-3285
-2955
-2620
-2285
-1963
-1642
-1314
-987
-649
-308
26
352
681
1007
1334
1681
2021
2357
2691
3018
3347
3686
4024
4367
4699
5026
5352
5680
6013
6358
6689
7017
7337
7661
7980
8317
8643
8966
9286
9598
9909
10230
10547
10872
11182
11489
11785
12095
12403
12707
13015
13314
13601
13885
14172
14463
14761
15042
15319
15592
15856
16130
16406
16675
16945
17194
17446
17693
17942
18197
18444
18685
18913
19139
19363
19592
19822
20047
20260
20454
20653
20856
21056
21255
21449
21631
21807
21977
22153
22329
22494
22655
22806
22947
23092
23234
23377
23517
23639
23755
23869
23984
24098
24208
24310
24402
24481
24561
24644
24722
24803
24870
24916
24966
25014
25061
25111
25152
25178
25198
25208
25224
25241
25253
25255
25249
25225
25208
25189
25167
25147
25113
25067
25013
24962
24904
24848
24790
24723
24641
24557
24472
24385
24300
24206
24099
23988
23873
23750
23635
23524
23393
23254
23105
22959
22817
22670
22521
22364
22194
22016
21843
21666
21498
21316
21126
20927
20728
20531
20335
20135
19927
19708
19482
19256
19040
18814
18589
18358
18112
17861
17615
17371
17132
16885
16620
16359
16092
15827
15567
15302
15032
14756
14472
14185
13904
13626
13344
13057
12760
12460
12162
11872
11577
11281
10982
10672
10358
10052
9750
9446
9144
8823
8505
8183
7868
7558
7247
6932
6602
6278
5958
5639
5322
5008
4682
4351
4023
3696
3374
3061
2736
2417
2082
1753
1427
1115
797
474
144
-190
-516
-836
-1144
-1460
-1777
-2109
-2435
-2755
-3064
-3375
-3684
-4003
-4325
-4645
-4959
-5260
-5559
-5868
-6173
-6483
-6796
-7095
-7384
-7678
-7976
-8280
-8573
-8869
-9155
-9439
-9719
-10001
-10292
-10582
-10863
-11130
-11397
-11664
-11936
-12211
-12482
-12742
-12998
-13250
-13500
-13761
-14015
-14266
-14511
-14743
-14972
-15215
-15455
-15692
-15922
-16144
-16358
-16573
-16796
-17017
-17236
-17439
-17635
-17832
-18023
-18225
-18432
-18621
-18806
-18976
-19146
-19322
-19505
-19680
-19851
-20010
-20160
-20311
-20468
-20623
-20783
-20923
-21055
-21180
-21309
-21439
-21580
-21703
-21819
-21924
-22033
-22138
-22249
-22361
-22462
-22550
-22627
-22708
-22790
-22872
-22959
-23029
-23091
-23144
-23196
-23258
-23319
-23371
-23416
-23445
-23475
-23504
-23542
-23575
-23602
-23616
-23617
-23620
-23621
-23633
-23643
-23641
-23620
-23600
-23581
-23560
-23542
-23518
-23484
-23444
-23392
-23344
-23299
-23259
-23209
-23150
-23073
-23002
-22927
-22855
-22790
-22711
-22621
-22526
-22423
-22328
-22239
-22138
-22038
-21918
-21790
-21667
-21547
-21432
-21311
-21180
-21031
-20886
-20734
-20594
-20453
-20303
-20142
-19975
-19803
-19633
-19470
-19301
-19131
-18942
-18747
-18550
-18361
-18171
-17981
-17788
-17572
-17348
-17136
-16922
-16719
-16504
-16277
-16048
-15810
-15569
-15339
-15115
-14873
-14620
-14366
-14109
-13856
-13605
-13361
-13094
-12828
-12552
-12276
-12004
-11741
-11468
-11194
-10908
-10613
-10319
-10039
-9756
-9468
-9172
-8872
-8564
-8263
-7967
-7667
-7368
-7058
-6735
-6421
-6107
-5800
-5495
-5182
-4856
-4526
-4198
-3876
-3566
-3251
-2924
-2589
-2257
-1927
-1601
-1279
-955
-617
-279
60
394
722
1047
1374
1717
2061
2399
2736
3057
3387
3717
4061
4402
4735
5063
5390
5717
6048
6388
6728
7059
7384
7701
8021
8354
8685
9012
9334
9643
9958
10269
10591
10914
11232
11537
11839
12135
12441
12752
13057
13352
13643
13930
14218
14508
14801
15089
15363
15635
15905
16172
16442
16721
16987
17244
17493
17737
17985
18239
18478
18725
18953
19177
19404
19628
19857
20078
20292
20494
20689
20891
21090
21294
21486
21666
21844
22011
22180
22356
22526
22686
22833
22981
23117
23258
23400
23542
23665
23782
23893
24002
24112
24224
24328
24420
24503
24574
24656
24735
24810
24876
24933
24979
25022
25064
25111
25148
25180
25200
25208
25218
25232
25243
25244
25240
25218
25201
25172
25151
25132
25102
25054
25000
24943
24887
24837
24774
24701
24625
24534
24448
24363
24279
24180
24079
23964
23843
23723
23604
23488
23363
23222
23079
22927
22780
22634
22483
22323
22153
21977
21804
21631
21455
21281
21084
20888
20692
20485
20285
20085
19883
19661
19436
19212
18986
18764
18537
18305
18063
17817
17566
17324
17078
16835
16580
16310
16042
15776
15512
15249
14981
14704
14417
14135
13847
13572
13290
13005
12711
12410
12113
11817
11522
11229
10929
10618
10307
9998
9693
9389
9086
8770
8445
8128
7809
7501
7188
6870
6556
6225
5897
5582
5266
4950
4630
4297
3967
3640
3318
3006
2685
2362
2032
1697
1376
1055
743
422
93
-231
-564
-882
-1200
-1512
-1827
-2152
-2480
-2806
-3114
-3420
-3729
-4047
-4367
-4687
-5003
-5306
-5601
-5906
-6216
-6531
-6842
-7142
-7437
-7722
-8017
-8316
-8622
-8919
-9208
-9488
-9765
-10046
-10340
-10624
-10908
-11180
-11443
-11710
-11983
-12255
-12527
-12785
-13042
-13291
-13542
-13797
-14059
-14311
-14558
-14790
-15024
-15257
-15497
-15739
-15967
-16194
-16405
-16616
-16834
-17060
-17276
-17484
-17679
-17876
-18071
-18267
-18464
-18662
-18847
-19021
-19195
-19366
-19540
-19722
-19895
-20051
-20203
-20351
-20503
-20661
-20815
-20961
-21090
-21222
-21348
-21476
-21612
-21735
-21855
-21966
-22065
-22168
-22275
-22385
-22492
-22577
-22659
-22736
-22819
-22904
-22986
-23062
-23122
-23174
-23229
-23278
-23341
-23395
-23440
-23467
-23493
-23525
-23557
-23590
-23620
-23636
-23638
-23639
-23638
-23647
-23650
-23647
-23642
-23615
-23585
-23563
-23543
-23524
-23489
-23450
-23397
-23344
-23296
-23255
-23207
-23149
-23071
-22997
-22922
-22853
-22778
-22710
-22619
-22523
-22412
-22315
-22220
-22121
-22021
-21904
-21774
-21653
-21527
-21406
-21285
-21154
-21010
-20862
-20707
-20561
-20419
-20273
-20115
-19941
-19768
-19592
-19425
-19260
-19089
-18900
-18707
-18508
-18311
-18122
-17931
-17731
-17525
-17304
-17080
-16868
-16658
-16446
-16224
-15987
-15744
-15504
-15269
-15036
-14799
-14556
-14299
-14037
-13781
-13528
-13281
-13024
-12755
-12478
-12198
-11923
-11659
-11386
-11110
-10823
-10530
-10234
-9948
-9670
-9379
-9085
-8780
-8472
-8171
-7867
-7574
-7273
-6961
-6644
-6322
-6007
-5699
-5393
-5080
-4756
-4430
-4102
-3779
-3466
-3150
-2826
-2492
-2154
-1818
-1495
-1175
-849
-517
-176
167
504
830
1156
1481
1821
2160
2507
2836
3165
3494
3821
4163
4502
4845
5176
5499
5825
6155
6490
6828
7161
7482
7803
8126
8445
8781
9109
9430
9739
10055
10361
10684
11003
11321
11631
11925
12226
12528
12833
13140
13442
13733
14016
14300
14585
14874
15162
15445
15713
15980
16245
16517
16790
17055
17306
17559
17798
18049
18298
18548
18790
19017
19242
19461
19684
19909
20131
20348
20548
20744
20943
21138
21339
21525
21714
21886
22055
22220
22388
22561
22720
22869
23011
23150
23291
23427
23564
23698
23809
23919
24028
24135
24240
24349
24437
24517
24591
24668
24742
24819
24882
24936
24983
25028
25068
25108
25150
25178
25201
25206
25212
25228
25232
25236
25228
25208
25189
25158
25136
25113
25077
25033
24978
24918
24860
24804
24746
24676
24595
24507
24414
24321
24232
24141
24037
23924
23804
23681
23564
23446
23320
23181
23036
22885
22733
22582
22431
22273
22104
21929
21748
21572
21398
21220
21034
20833
20628
20426
20223
20024
19815
19604
19378
19150
18921
18691
18470
18240
17996
17749
17499
17248
17003
16757
16500
16238
15965
15696
15429
15163
14898
14623
14340
14050
13761
13479
13204
12914
12624
12321
12021
11724
11429
11133
10832
10526
10215
9900
9594
9292
8988
8673
8353
8031
7712
7396
7088
6777
6458
6128
5800
5477
5160
4846
4528
4197
3868
3543
3212
2902
2581
2262
1929
1594
1271
948
628
311
-10
-341
-674
-993
-1309
-1620
-1940
-2262
-2589
-2911
-3229
-3538
-3849
-4156
-4480
-4799
-5114
-5423
-5721
-6021
-6329
-6639
-6953
-7253
-7552
-7837
-8128
-8432
-8731
-9030
-9322
-9600
-9875
-10162
-10444
-10735
-11016
-11287
-11553
-11821
-12088
-12358
-12631
-12897
-13153
-13404
-13650
-13899
-14157
-14412
-14658
-14893
-15119
-15351
-15585
-15827
-16061
-16286
-16497
-16705
-16921
-17140
-17355
-17565
-17768
-17956
-18149
-18343
-18542
-18738
-18928
-19098
-19265
-19438
-19615
-19788
-19962
-20123
-20271
-20414
-20563
-20720
-20876
-21022
-21152
-21278
-21398
-21528
-21654
-21782
-21905
-22009
-22110
-22212
-22316
-22423
-22525
-22617
-22694
-22767
-22842
-22927
-23011
-23078
-23149
-23197
-23251
-23298
-23351
-23407
-23457
-23486
-23511
-23530
-23558
-23588
-23614
-23634
-23641
-23636
-23637
-23637
-23642
-23642
-23626
-23603
-23578
-23550
-23526
-23499
-23470
-23431
-23381
-23325
-23272
-23225
-23178
-23121
-23051
-22968
-22887
-22810
-22739
-22664
-22572
-22475
-22369
-22266
-22165
-22066
-21970
-21853
-21726
-21595
-21467
-21343
-21225
-21096
-20948
-20800
-20649
-20494
-20351
-20204
-20049
-19879
-19702
-19518
-19346
-19182
-19005
-18820
-18630
-18428
-18230
-18038
-17843
-17646
-17436
-17219
-16992
-16773
-16558
-16346
-16123
-15891
-15652
-15410
-15170
-14936
-14698
-14459
-14202
-13942
-13679
-13427
-13172
-12917
-12652
-12375
-12095
-11815
-11545
-11275
-11003
-10721
-10425
-10126
-9836
-9551
-9267
-8975
-8666
-8365
-8059
-7755
-7460
-7159
-6851
-6535
-6214
-5898
-5587
-5280
-4969
-4647
-4322
-3992
-3663
-3346
-3029
-2711
-2380
-2047
-1706
-1380
-1057
-737
-409
-64
276
616
945
1274
1596
1934
2272
2617
2960
3285
3611
3943
4275
4617
4959
5286
5616
5939
6269
6601
6942
7276
7601
7919
8238
8558
8887
9221
9541
9857
10165
10476
10794
11108
11425
11732
12038
12330
12634
12934
13242
13546
13839
14121
14398
14686
14975
15260
15546
15815
16081
16346
16610
16875
17147
17404
17656
17898
18141
18380
18630
18871
19105
19327
19541
19763
19986
20209
20425
20628
20820
21019
21207
21405
21597
21780
21956
22121
22286
22460
22623
22785
22934
23077
23210
23342
23483
23616
23745
23868
23967
24074
24176
24286
24384
24476
24557
24630
24703
24772
24849
24913
24970
25013
25048
25088
25134
25168
25199
25217
25222
25231
25231
25240
25239
25232
25216
25187
25157
25130
25100
25071
25025
24965
24906
24846
24785
24725
24656
24574
24483
24389
24297
24202
24112
24010
23895
23774
23645
23520
23399
23273
23140
22990
22838
22679
22528
22378
22222
22058
21873
21692
21518
21333
21153
20966
20766
20560
20353
20149
19942
19739
19524
19299
19062
18834
18612
18381
18152
17908
17657
17407
17148
16903
16649
16399
16136
15866
15592
15319
15054
14785
14517
14231
13945
13653
13363
13089
12800
12513
12207
11902
11598
11302
11008
10712
10406
10090
9774
9469
9160
8858
8548
8222
7904
7587
7266
6959
6648
6321
6002
5671
5348
5027
4712
4393
4067
3741
3408
3081
2767
2451
2129
1800
1468
1138
817
501
182
-139
-465
-798
-1122
-1440
-1753
-2064
-2383
-2711
-3036
-3353
-3666
-3972
-4283
-4598
-4919
-5235
-5540
-5838
-6141
-6443
-6749
-7063
-7371
-7661
-7951
-8246
-8538
-8832
-9130
-9423
-9706
-9980
-10258
-10541
-10831
-11114
-11387
-11656
-11914
-12179
-12446
-12719
-12987
-13244
-13486
-13731
-13981
-14237
-14491
-14734
-14970
-15199
-15428
-15659
-15896
-16130
-16354
-16566
-16772
-16983
-17196
-17412
-17628
-17824
-18013
-18203
-18394
-18593
-18786
-18972
-19148
-19312
-19476
-19652
-19828
-19997
-20162
-20316
-20458
-20599
-20750
-20901
-21051
-21183
-21312
-21433
-21554
-21685
-21812
-21930
-22038
-22139
-22231
-22337
-22443
-22540
-22631
-22715
-22791
-22860
-22939
-23021
-23090
-23157
-23211
-23251
-23302
-23353
-23406
-23458
-23488
-23515
-23535
-23554
-23581
-23613
-23630
-23637
-23634
-23624
-23624
-23625
-23628
-23617
-23595
-23563
-23531
-23504
-23482
-23453
-23410
-23356
-23302
-23245
-23203
-23147
-23091
-23021
-22944
-22861
-22784
-22710
-22635
-22545
-22450
-22346
-22242
-22131
-22034
-21927
-21817
-21695
-21561
-21433
-21308
-21186
-21053
-20912
-20762
-20607
-20454
-20308
-20161
-20004
-19840
-19657
-19476
-19299
-19132
-18958
-18772
-18584
-18386
-18177
-17985
-17788
-17593
-17384
-17170
-16942
-16722
-16506
-16290
-16070
-15839
-15596
-15357
-15110
-14876
-14641
-14396
-14138
-13878
-13614
-13354
-13103
-12852
-12582
-12310
-12026
-11744
-11473
-11201
-10929
-10644
-10356
-10058
-9762
-9472
-9190
-8901
-8603
-8288
-7979
-7675
-7370
-7074
-6769
-6454
-6135
-5816
-5499
-5189
-4878
-4562
-4234
-3905
-3577
-3257
-2944
-2620
-2289
-1958
-1621
-1288
-961
-642
-314
20
359
705
1038
1364
1691
2023
2366
2704
3049
3377
3710
4035
4366
4708
5048
5383
5712
6038
6357
6693
7029
7367
7693
8014
8332
8652
8981
9312
9636
9953
10262
10573
10881
11202
11519
11827
12128
12426
12724
13023
13329
13626
13919
14211
14485
14769
15054
15345
15625
15895
16160
16421
16680
16949
17218
17478
17728
17969
18209
18450
18695
18940
19173
19396
19612
19830
20046
20270
20484
20688
20884
21073
21266
21456
21650
21831
22009
22174
22336
22501
22664
22827
22974
23115
23252
23382
23513
23652
23778
23894
24000
24102
24205
24307
24408
24498
24578
24650
24723
24789
24859
24925
24980
25025
25062
25096
25130
25169
25198
25218
25223
25226
25227
25232
25230
25225
25207
25178
25146
25112
25083
25052
25009
24953
24890
24822
24759
24694
24629
24552
24460
24362
24265
24174
24077
23971
23859
23736
23611
23486
23358
23235
23093
22947
22791
22639
22480
22327
22168
22002
21826
21644
21459
21281
21100
20909
20713
20506
20302
20092
19885
19680
19466
19236
19008
18774
18541
18312
18083
17847
17596
17340
17083
16835
16589
16333
16079
15804
15528
15258
14991
14726
14448
14168
13878
13588
13303
13022
12738
12447
12149
11846
11543
11243
10949
10652
10349
10034
9716
9403
9096
8792
8483
8170
7847
7526
7208
6898
6587
6266
5946
5618
5293
4973
4657
4338
4016
3691
3358
3035
2712
2391
2075
1752
1418
1091
765
451
132
-187
-512
-840
-1171
-1489
-1800
-2118
-2432
-2753
-3078
-3397
-3712
-4012
-4325
-4639
-4956
-5274
-5589
-5888
-6186
-6484
-6788
-7100
-7405
-7703
-7995
-8281
-8576
-8876
-9172
-9466
-9750
-10026
-10302
-10571
-10861
-11147
-11421
-11688
-11953
-12214
-12482
-12748
-13020
-13278
-13525
-13767
-14016
-14267
-14521
-14767
-15005
-15232
-15461
-15689
-15926
-16161
-16386
-16599
-16807
-17011
-17230
-17446
-17661
-17865
-18055
-18235
-18424
-18618
-18814
-19002
-19183
-19354
-19518
-19688
-19862
-20034
-20200
-20350
-20495
-20635
-20781
-20935
-21080
-21221
-21348
-21463
-21582
-21708
-21836
-21960
-22069
-22169
-22269
-22364
-22464
-22569
-22664
-22748
-22824
-22891
-22961
-23038
-23116
-23184
-23240
-23284
-23326
-23373
-23428
-23475
-23515
-23536
-23558
-23578
-23604
-23629
-23647
-23659
-23650
-23644
-23639
-23640
-23640
-23628
-23608
-23576
-23542
-23513
-23488
-23461
-23418
-23375
-23320
-23258
-23201
-23151
-23096
-23031
-22949
-22862
-22779
-22703
-22625
-22545
-22449
-22341
-22233
-22126
-22029
-21924
-21811
-21692
-21556
-21425
-21296
-21169
-21040
-20902
-20756
-20596
-20441
-20288
-20139
-19987
-19823
-19646
-19463
-19284
-19109
-18936
-18759
-18565
-18361
-18156
-17954
-17759
-17565
-17359
-17143
-16915
-16695
-16470
-16255
-16042
-15805
-15568
-15318
-15074
-14837
-14597
-14354
-14107
-13845
-13581
-13316
-13059
-12810
-12540
-12269
-11983
-11702
-11431
-11156
-10880
-10600
-10310
-10011
-9718
-9429
-9141
-8851
-8552
-8244
-7934
-7623
-7323
-7025
-6723
-6409
-6088
-5765
-5446
-5137
-4831
-4514
-4187
-3859
-3528
-3206
-2883
-2573
-2244
-1909
-1575
-1236
-912
-586
-260
73
412
754
1089
1415
1742
2072
2412
2752
3094
3431
3758
4084
4414
4755
5093
5431
5760
6084
6410
6742
7070
7409
7739
8055
8377
8689
9008
9345
9673
9990
10301
10604
10915
11233
11550
11856
12160
12456
12752
13049
13354
13653
13952
14232
14518
14793
15080
15363
15646
15918
16182
16447
16703
16966
17233
17499
17740
17987
18225
18463
18709
18952
19186
19410
19623
19841
20055
20277
20494
20698
20896
21086
21275
21464
21653
21844
22019
22181
22342
22507
22667
22828
22981
23127
23256
23388
23520
23649
23779
23900
24007
24105
24202
24302
24404
24500
24578
24653
24720
24788
24852
24919
24982
25022
25062
25095
25128
25159
25190
25215
25221
25222
25221
25223
25222
25213
25200
25169
25140
25105
25071
25038
24995
24942
24877
24812
24749
24682
24619
24542
24453
24351
24252
24158
24063
23964
23849
23732
23596
23471
23346
23214
23084
22936
22784
22624
22469
22314
22158
21993
21820
21631
21450
21268
21086
20900
20707
20502
20293
20081
19870
19666
19454
19232
19001
18764
18536
18306
18073
17837
17588
17330
17077
16824
16572
16324
16061
15793
15516
15241
14977
14707
14435
14150
13863
13570
13284
12996
12716
12428
12127
11828
11518
11217
10926
10630
10327
10010
9697
9387
9077
8771
8465
8151
7828
7506
7184
6876
6555
6240
5925
5590
5266
4942
4626
4311
3993
3667
3333
3001
2679
2364
2044
1723
1391
1062
732
416
99
-222
-546
-872
-1207
-1524
-1836
-2152
-2468
-2792
-3112
-3437
-3752
-4061
-4360
-4676
-4994
-5313
-5625
-5930
-6229
-6528
-6831
-7139
-7449
-7748
-8039
-8326
-8616
-8909
-9210
-9503
-9789
-10065
-10338
-10620
-10901
-11191
-11468
-11737
-11991
-12252
-12517
-12787
-13054
-13311
-13565
-13811
-14052
-14300
-14552
-14802
-15039
-15268
-15497
-15720
-15961
-16192
-16421
-16639
-16844
-17047
-17255
-17472
-17684
-17886
-18081
-18267
-18455
-18645
-18838
-19030
-19204
-19379
-19539
-19707
-19872
-20044
-20211
-20371
-20510
-20652
-20801
-20949
-21094
-21234
-21365
-21481
-21604
-21725
-21848
-21974
-22087
-22184
-22282
-22373
-22471
-22577
-22671
-22752
-22830
-22896
-22959
-23041
-23116
-23179
-23238
-23283
-23321
-23374
-23419
-23471
-23505
-23534
-23552
-23569
-23590
-23614
-23634
-23648
-23643
-23633
-23623
-23619
-23616
-23620
-23597
-23565
-23531
-23495
-23474
-23443
-23403
-23357
-23297
-23238
-23182
-23128
-23073
-23007
-22932
-22846
-22759
-22675
-22605
-22519
-22430
-22324
-22215
-22105
-22003
-21903
-21787
-21663
-21537
-21402
-21267
-21141
-21012
-20879
-20732
-20567
-20411
-20257
-20106
-19956
-19789
-19618
-19437
-19250
-19074
-18898
-18723
-18535
-18335
-18126
-17922
-17723
-17529
-17326
-17111
-16886
-16662
-16437
-16221
-16002
-15776
-15534
-15289
-15042
-14803
-14563
-14326
-14078
-13818
-13545
-13281
-13027
-12771
-12509
-12240
-11960
-11676
-11397
-11123
-10852
-10573
-10287
-9985
-9692
-9395
-9110
-8823
-8529
-8221
-7914
-7602
-7292
-7001
-6695
-6386
-6068
-5747
-5430
-5114
-4808
-4495
-4171
-3839
-3512
-3184
-2860
-2546
-2227
-1893
-1550
-1217
-890
-562
-241
93
432
768
1111
1442
1767
2093
2433
2773
3118
3448
3780
4104
4437
4773
5111
5449
5782
6108
6431
6759
7092
7430
7758
8082
8397
8716
9038
9364
9693
10012
10322
10628
10939
11255
11569
11881
12188
12485
12779
13075
13372
13676
13970
14255
14538
14815
15097
15380
15663
15941
16206
16467
16727
16988
17255
17516
17771
18012
18250
18489
18724
18973
19208
19431
19653
19865
20080
20296
20516
20722
20919
21108
21298
21489
21676
21862
22040
22205
22367
22524
22688
22845
23000
23144
23281
23413
23540
23666
23795
23921
24029
24131
24225
24322
24418
24516
24604
24676
24741
24805
24867
24935
24997
25040
25079
25107
25137
25174
25203
25225
25233
25237
25236
25230
25228
25226
25212
25183
25152
25118
25080
25047
25003
24954
24888
24818
24752
24686
24620
24539
24455
24358
24258
24158
24061
23956
23853
23730
23602
23468
23338
23208
23076
22938
22784
22627
22464
22305
22151
21992
21812
21627
21443
21257
21068
20887
20694
20491
20279
20061
19860
19646
19433
19213
18984
18746
18510
18276
18047
17810
17568
17308
17046
16796
16538
16287
16035
15762
15487
15216
14938
14672
14397
14117
13832
13537
13245
12959
12674
12387
12090
11787
11483
11177
10879
10583
10281
9975
9665
9340
9029
8724
8420
8108
7784
7461
7140
6824
6509
6197
5877
5551
5218
4895
4578
4261
3940
3617
3286
2959
2629
2315
2001
1675
1345
1011
684
364
47
-265
-589
-918
-1245
-1572
-1882
-2198
-2512
-2831
-3162
-3475
-3792
-4102
-4408
-4714
-5033
-5348
-5664
-5968
-6269
-6570
-6864
-7169
-7486
-7788
-8078
-8361
-8651
-8945
-9241
-9533
-9823
-10106
-10375
-10652
-10929
-11209
-11488
-11762
-12024
-12284
-12545
-12812
-13078
-13338
-13588
-13831
-14074
-14323
-14569
-14823
-15060
-15292
-15517
-15744
-15971
-16210
-16432
-16656
-16857
-17065
-17270
-17482
-17697
-17901
-18097
-18282
-18469
-18650
-18848
-19036
-19223
-19388
-19557
-19717
-19884
-20056
-20224
-20379
-20524
-20664
-20804
-20953
-21100
-21241
-21370
-21492
-21611
-21728
-21849
-21974
-22088
-22189
-22287
-22374
-22471
-22572
-22667
-22753
-22829
-22897
-22966
-23033
-23110
-23180
-23242
-23286
-23324
-23367
-23418
-23470
-23507
-23536
-23552
-23566
-23584
-23608
-23630
-23645
-23641
-23632
-23623
-23614
-23612
-23606
-23591
-23559
-23523
-23489
-23458
-23431
-23393
-23351
-23293
-23228
-23168
-23120
-23063
-22999
-22927
-22840
-22753
-22674
-22592
-22509
-22421
-22317
-22206
-22099
-21986
-21880
-21775
-21657
-21526
-21392
-21258
-21133
-21003
-20865
-20717
-20563
-20401
-20242
-20091
-19937
-19778
-19604
-19424
-19234
-19058
-18885
-18704
-18520
-18318
-18120
-17906
-17707
-17512
-17312
-17096
-16870
-16644
-16420
-16194
-15973
-15752
-15520
-15269
-15020
-14773
-14535
-14295
-14050
-13789
-13527
-13256
-12994
-12737
-12473
-12209
-11932
-11642
-11362
-11085
-10816
-10540
-10252
-9954
-9658
-9358
-9067
-8777
-8484
-8184
-7878
-7565
-7253
-6953
-6650
-6346
-6027
-5701
-5380
-5065
-4752
-4440
-4120
-3791
-3462
-3129
-2814
-2492
-2168
-1843
-1505
-1161
-828
-505
-182
154
488
827
1168
1501
1830
2155
2492
2833
3177
3513
3848
4172
4499
4831
5174
5514
5849
6176
6500
6825
7152
7493
7826
8147
8464
8782
9101
9429
9750
10079
10390
10700
11007
11311
11632
11942
12254
12551
12844
13134
13433
13734
14032
14322
14608
14880
15159
15440
15723
16004
16271
16530
16787
17047
17312
17575
17825
18074
18310
18544
18786
19024
19262
19488
19702
19920
20130
20346
20561
20769
20970
21160
21341
21528
21718
21904
22082
22249
22407
22564
22718
22877
23039
23177
23314
23444
23563
23694
23826
23941
24050
24153
24245
24339
24438
24529
24617
24687
24753
24814
24873
24937
24997
25041
25083
25113
25139
25172
25197
25223
25233
25231
25224
25222
25214
25212
25198
25171
25133
25098
25061
25020
24979
24930
24869
24799
24728
24658
24593
24515
24425
24331
24225
24132
24027
23925
23819
23693
23566
23441
23304
23174
23039
22898
22749
22586
22426
22260
22102
21940
21768
21583
21398
21205
21022
20833
20644
20443
20230
20014
19802
19595
19381
19160
18934
18695
18457
18226
17993
17756
17511
17261
17004
16742
16489
16235
15972
15711
15432
15158
14882
14614
14339
14066
13777
13487
13193
12905
12618
12332
12036
11735
11430
11124
10822
10533
10233
9926
9609
9292
8976
8673
8364
8056
7734
7412
7086
6771
6458
6148
5831
5504
5172
4849
4530
4214
3895
3572
3245
2913
2589
2271
1951
1634
1308
980
644
321
6
-309
-630
-956
-1286
-1618
-1929
-2244
-2552
-2871
-3193
-3518
-3836
-4146
-4454
-4754
-5069
-5382
-5702
-6010
-6306
-6607
-6903
-7211
-7520
-7822
-8119
-8403
-8689
-8978
-9279
-9572
-9863
-10141
-10413
-10690
-10965
-11248
-11524
-11799
-12063
-12316
-12579
-12848
-13114
-13376
-13633
-13872
-14108
-14354
-14608
-14854
-15099
-15329
-15554
-15779
-16005
-16233
-16461
-16684
-16891
-17102
-17303
-17512
-17723
-17931
-18131
-18319
-18503
-18682
-18870
-19066
-19254
-19425
-19588
-19748
-19914
-20080
-20248
-20408
-20557
-20696
-20835
-20979
-21123
-21271
-21399
-21524
-21640
-21755
-21873
-21999
-22116
-22220
-22311
-22403
-22497
-22592
-22690
-22771
-22851
-22925
-22985
-23056
-23132
-23200
-23261
-23308
-23349
-23388
-23429
-23482
-23524
-23553
-23571
-23585
-23599
-23614
-23639
-23654
-23655
-23645
-23638
-23622
-23618
-23613
-23597
-23570
-23533
-23496
-23465
-23432
-23402
-23355
-23296
-23235
-23173
-23116
-23059
-23000
-22928
-22841
-22755
-22664
-22584
-22506
-22419
-22319
-22203
-22089
-21978
-21873
-21765
-21649
-21520
-21383
-21243
-21113
-20983
-20849
-20703
-20550
-20383
-20224
-20068
-19915
-19750
-19581
-19396
-19211
-19024
-18851
-18670
-18483
-18289
-18079
-17874
-17670
-17470
-17268
-17059
-16834
-16605
-16374
-16150
-15929
-15705
-15471
-15222
-14979
-14727
-14488
-14246
-13999
-13741
-13480
-13209
-12940
-12681
-12421
-12155
-11881
-11596
-11307
-11028
-10753
-10482
-10199
-9900
-9597
-9303
-9008
-8719
-8427
-8130
-7818
-7502
-7194
-6892
-6591
-6283
-5965
-5646
-5324
-5003
-4693
-4375
-4061
-3732
-3398
-3069
-2744
-2426
-2104
-1780
-1443
-1103
-768
-435
-110
217
551
888
1235
1563
1892
2221
2554
2891
3235
3573
3902
4234
4560
4887
5230
5568
5904
6231
6552
6878
7204
7537
7869
8197
8521
8837
9152
9474
9800
10120
10441
10746
11050
11358
11671
11988
12297
12594
12892
13180
13476
13772
14071
14367
14647
14918
15196
15476
15755
16035
16304
16564
16818
17077
17338
17596
17854
18098
18335
18567
18807
19042
19279
19508
19727
19940
20149
20366
20579
20790
20989
21178
21360
21544
21731
21920
22097
22263
22425
22577
22733
22888
23042
23191
23323
23451
23578
23700
23822
23948
24062
24159
24253
24345
24440
24529
24615
24692
24759
24822
24879
24936
24996
25040
25082
25114
25139
25163
25191
25209
25232
25229
25225
25216
25212
25202
25188
25165
25130
25089
25050
25010
24970
24918
24858
24791
24717
24646
24576
24497
24414
24320
24220
24110
24005
23905
23799
23678
23550
23416
23282
23147
23011
22876
22724
22569
22403
22244
22079
21916
21748
21567
21375
21186
20993
20803
20615
20417
20202
19986
19764
19564
19344
19132
18904
18664
18428
18185
17951
17717
17471
17221
16961
16701
16443
16190
15932
15669
15393
15117
14839
14566
14292
14014
13732
13441
13144
12856
12567
12281
11990
11687
11378
11072
10770
10474
10175
9870
9557
9243
8928
8616
8305
7995
7681
7356
7033
6713
6396
6089
5770
5447
5118
4790
4468
4151
3833
3515
3182
2847
2523
2195
1882
1562
1237
904
575
249
-73
-391
-705
-1028
-1359
-1689
-2009
-2319
-2631
-2943
-3265
-3596
-3911
-4228
-4533
-4837
-5144
-5459
-5778
-6093
-6390
-6689
-6986
-7284
-7597
-7903
-8200
-8489
-8773
-9061
-9351
-9644
-9943
-10223
-10493
-10765
-11042
-11318
-11601
-11876
-12138
-12402
-12652
-12912
-13183
-13447
-13698
-13944
-14188
-14424
-14666
-14916
-15168
-15397
-15624
-15844
-16064
-16296
-16523
-16747
-16962
-17161
-17367
-17570
-17778
-17989
-18187
-18379
-18560
-18739
-18922
-19114
-19301
-19478
-19640
-19801
-19962
-20131
-20292
-20451
-20603
-20739
-20878
-21018
-21156
-21304
-21437
-21563
-21673
-21783
-21899
-22021
-22140
-22244
-22342
-22429
-22515
-22615
-22708
-22794
-22873
-22942
-23003
-23067
-23136
-23202
-23269
-23316
-23352
-23393
-23434
-23478
-23523
-23553
-23574
-23583
-23595
-23611
-23628
-23640
-23646
-23636
-23623
-23610
-23604
-23590
-23582
-23556
-23522
-23476
-23437
-23403
-23376
-23333
-23281
-23216
-23148
-23082
-23025
-22963
-22898
-22814
-22726
-22635
-22546
-22465
-22382
-22278
-22166
-22051
-21936
-21824
-21723
-21606
-21476
-21341
-21200
-21059
-20926
-20796
-20657
-20498
-20336
-20176
-20011
-19854
-19700
-19529
-19349
-19156
-18970
-18789
-18611
-18427
-18237
-18023
-17818
-17611
-17403
-17205
-16993
-16772
-16544
-16314
-16087
-15865
-15637
-15407
-15164
-14916
-14662
-14420
-14177
-13934
-13680
-13412
-13143
-12872
-12613
-12354
-12087
-11817
-11532
-11248
-10963
-10689
-10410
-10132
-9834
-9537
-9240
-8944
-8652
-8359
-8060
-7750
-7437
-7129
-6819
-6519
-6214
-5903
-5578
-5253
-4934
-4615
-4308
-3988
-3665
-3331
-3003
-2676
-2352
-2031
-1705
-1371
-1030
-694
-364
-37
291
618
959
1299
1639
1975
2297
2627
2963
3307
3652
3983
4312
4630
4966
5299
5642
5983
6308
6630
6951
7280
7611
7949
8275
8594
8912
9226
9550
9871
10199
10512
10820
11126
11427
11737
12054
12366
12671
12959
13248
13538
13837
14136
14430
14712
14988
15258
15537
15815
16100
16367
16625
16886
17138
17395
17659
17917
18165
18400
18634
18868
19103
19338
19574
19790
20000
20208
20421
20630
20841
21039
21231
21414
21593
21781
21966
22145
22316
22472
22627
22778
22936
23090
23236
23372
23502
23619
23740
23868
23984
24099
24202
24290
24378
24471
24568
24654
24725
24791
24849
24902
24961
25020
25069
25108
25135
25157
25181
25209
25229
25245
25246
25239
25228
25219
25206
25195
25168
25144
25096
25050
25011
24964
24916
24857
24790
24716
24636
24567
24489
24405
24306
24205
24101
23993
23886
23780
23660
23534
23399
23258
23124
22993
22847
22698
22537
22375
22207
22040
21878
21708
21525
21336
21135
20948
20757
20566
20366
20159
19938
19716
19502
19292
19071
18848
18611
18370
18131
17891
17650
17408
17159
16902
16633
16375
16118
15863
15597
15327
15048
14765
14484
14218
13942
13658
13368
13072
12775
12488
12196
11911
11609
11305
10996
10692
10390
10096
9793
9474
9159
8843
8532
8222
7916
7600
7284
6953
6631
6317
6002
5685
5364
5040
4705
4383
4065
3748
3430
3098
2771
2440
2119
1800
1480
1159
831
500
173
-150
-468
-777
-1106
-1429
-1761
-2082
-2398
-2706
-3022
-3338
-3661
-3987
-4302
-4605
-4906
-5212
-5531
-5840
-6159
-6456
-6756
-7051
-7351
-7657
-7961
-8261
-8547
-8836
-9120
-9410
-9705
-9997
-10276
-10557
-10820
-11091
-11374
-11648
-11927
-12188
-12449
-12704
-12962
-13226
-13486
-13745
-13987
-14226
-14464
-14709
-14956
-15200
-15436
-15660
-15880
-16102
-16331
-16556
-16779
-16993
-17198
-17399
-17599
-17811
-18013
-18219
-18408
-18588
-18767
-18953
-19144
-19328
-19508
-19670
-19831
-19983
-20144
-20311
-20473
-20624
-20772
-20898
-21035
-21178
-21319
-21459
-21578
-21687
-21802
-21912
-22032
-22149
-22257
-22357
-22448
-22529
-22620
-22712
-22803
-22882
-22949
-23010
-23073
-23137
-23212
-23272
-23325
-23362
-23398
-23435
-23475
-23521
-23551
-23573
-23585
-23595
-23610
-23626
-23644
-23646
-23640
-23626
-23610
-23597
-23589
-23577
-23553
-23519
-23473
-23433
-23399
-23362
-23323
-23274
-23212
-23140
-23076
-23015
-22957
-22888
-22803
-22714
-22621
-22534
-22447
-22363
-22268
-22156
-22041
-21916
-21807
-21710
-21586
-21467
-21322
-21187
-21042
-20912
-20773
-20631
-20481
-20321
-20149
-19989
-19830
-19671
-19503
-19326
-19134
-18946
-18759
-18580
-18400
-18204
-17999
-17786
-17576
-17370
-17164
-16961
-16740
-16509
-16281
-16044
-15825
-15598
-15366
-15132
-14880
-14623
-14374
-14135
-13883
-13635
-13373
-13100
-12833
-12563
-12305
-12042
-11770
-11488
-11201
-10913
-10636
-10356
-10074
-9788
-9483
-9188
-8887
-8593
-8301
-8005
-7701
-7384
-7068
-6757
-6450
-6152
-5843
-5518
-5198
-4872
-4555
-4242
-3923
-3609
-3272
-2935
-2607
-2285
-1969
-1643
-1307
-964
-628
-290
32
358
691
1032
1369
1711
2047
2368
2702
3035
3375
3715
4057
4390
4711
5042
5375
5713
6055
6388
6708
7036
7357
7687
8021
8348
8675
8994
9304
9621
9944
10268
10588
10896
11200
11506
11812
12123
12434
12739
13035
13318
13613
13907
14205
14497
14788
15059
15334
15606
15883
16160
16433
16696
16957
17205
17460
17720
17972
18227
18466
18697
18927
19158
19392
19629
19841
20059
20264
20473
20680
20890
21092
21282
21467
21642
21824
22004
22183
22352
22514
22666
22814
22969
23116
23265
23403
23526
23648
23764
23885
24001
24118
24218
24316
24400
24486
24569
24660
24733
24801
24857
24910
24965
25021
25070
25108
25136
25158
25180
25197
25219
25229
25235
25228
25216
25201
25188
25175
25154
25120
25073
25031
24982
24939
24892
24839
24768
24690
24609
24535
24454
24372
24282
24171
24065
23955
23849
23742
23627
23497
23360
23224
23083
22944
22803
22658
22497
22332
22165
21996
21824
21657
21472
21285
21090
20896
20703
20510
20316
20108
19888
19669
19448
19231
19015
18790
18551
18311
18064
17823
17589
17351
17094
16839
16577
16318
16058
15794
15532
15263
14981
14704
14420
14152
13873
13592
13306
13004
12712
12423
12131
11841
11544
11244
10937
10628
10323
10025
9724
9414
9103
8779
8469
8158
7849
7537
7219
6893
6570
6252
5937
5626
5308
4984
4653
4322
4002
3684
3366
3044
2715
2384
2054
1738
1424
1100
779
448
112
-206
-526
-838
-1159
-1485
-1812
-2134
-2452
-2768
-3077
-3394
-3713
-4038
-4358
-4664
-4962
-5271
-5581
-5897
-6205
-6515
-6815
-7109
-7403
-7704
-8008
-8309
-8604
-8886
-9166
-9454
-9741
-10039
-10329
-10605
-10873
-11138
-11414
-11690
-11972
-12238
-12500
-12752
-13012
-13265
-13530
-13788
-14037
-14277
-14512
-14755
-14995
-15240
-15480
-15709
-15928
-16143
-16366
-16595
-16819
-17035
-17244
-17444
-17641
-17841
-18054
-18259
-18450
-18630
-18807
-18991
-19174
-19364
-19543
-19709
-19864
-20025
-20182
-20345
-20512
-20665
-20803
-20936
-21071
-21208
-21351
-21490
-21608
-21726
-21834
-21946
-22063
-22182
-22288
-22381
-22477
-22559
-22641
-22736
-22822
-22912
-22980
-23042
-23105
-23164
-23231
-23288
-23345
-23382
-23424
-23454
-23488
-23532
-23567
-23594
-23604
-23608
-23620
-23635
-23652
-23652
-23654
-23637
-23619
-23603
-23588
-23583
-23558
-23527
-23481
-23438
-23398
-23360
-23323
-23271
-23208
-23142
-23068
-23007
-22944
-22876
-22798
-22705
-22614
-22523
-22434
-22349
-22253
-22144
-22031
-21902
-21792
-21677
-21573
-21448
-21308
-21167
-21018
-20878
-20742
-20609
-20452
-20288
-20126
-19959
-19796
-19638
-19472
-19293
-19106
-18914
-18724
-18540
-18359
-18167
-17963
-17748
-17535
-17328
-17123
-16917
-16700
-16474
-16240
-15999
-15772
-15545
-15315
-15075
-14830
-14573
-14322
-14073
-13828
-13580
-13318
-13046
-12779
-12505
-12243
-11985
-11711
-11430
-11145
-10854
-10569
-10296
-10016
-9727
-9426
-9126
-8825
-8524
-8236
-7943
-7640
-7321
-7008
-6694
-6390
-6085
-5776
-5455
-5132
-4809
-4486
-4169
-3855
-3539
-3211
-2876
-2543
-2217
-1900
-1577
-1245
-906
-570
-232
94
420
748
1081
1422
1770
2106
2438
2761
3089
3429
3774
4115
4448
4770
5093
5428
5763
6104
6437
6765
7082
7405
7733
8064
8393
8720
9037
9353
9669
9983
10309
10630
10942
11244
11547
11852
12162
12473
12780
13078
13361
13645
13938
14238
14532
14817
15099
15367
15638
15913
16189
16465
16726
16983
17232
17488
17742
17998
18249
18490
18717
18946
19182
19414
19645
19865
20083
20284
20493
20695
20906
21108
21300
21483
21659
21838
22017
22196
22364
22528
22684
22832
22974
23125
23270
23409
23543
23655
23773
23888
24012
24122
24224
24320
24403
24488
24571
24657
24734
24802
24860
24908
24961
25015
25062
25104
25134
25160
25173
25191
25213
25229
25237
25224
25212
25197
25180
25172
25147
25118
25074
25032
24982
24932
24883
24829
24761
24681
24604
24528
24447
24364
24276
24175
24063
23953
23841
23730
23619
23493
23355
23214
23073
22933
22799
22650
22488
22320
22150
21981
21816
21642
21467
21278
21081
20884
20687
20498
20308
20095
19870
19652
19429
19214
18999
18774
18539
18296
18048
17807
17570
17328
17080
16826
16560
16293
16033
15774
15514
15246
14966
14683
14400
14123
13852
13567
13283
12987
12689
12395
12106
11819
11520
11220
10912
10602
10295
9996
9696
9388
9073
8752
8433
8128
7819
7508
7193
6867
6536
6219
5903
5592
5274
4946
4616
4287
3967
3650
3333
3010
2679
2344
2014
1695
1378
1062
739
400
74
-249
-573
-886
-1204
-1527
-1857
-2185
-2502
-2817
-3128
-3441
-3758
-4082
-4401
-4714
-5015
-5320
-5625
-5940
-6262
-6561
-6865
-7157
-7452
-7753
-8057
-8354
-8644
-8933
-9212
-9503
-9790
-10087
-10372
-10651
-10917
-11187
-11457
-11732
-12010
-12282
-12538
-12795
-13053
-13306
-13565
-13823
-14077
-14318
-14554
-14784
-15034
-15276
-15516
-15749
-15969
-16183
-16404
-16632
-16856
-17066
-17284
-17480
-17674
-17878
-18087
-18286
-18487
-18669
-18845
-19017
-19199
-19387
-19567
-19736
-19897
-20043
-20206
-20366
-20527
-20682
-20819
-20962
-21092
-21223
-21363
-21497
-21626
-21744
-21855
-21956
-22068
-22187
-22296
-22398
-22486
-22565
-22648
-22738
-22826
-22911
-22989
-23048
-23103
-23160
-23222
-23290
-23346
-23385
-23415
-23449
-23482
-23525
-23558
-23587
-23600
-23608
-23610
-23621
-23633
-23651
-23641
-23626
-23606
-23582
-23573
-23563
-23542
-23512
-23468
-23420
-23379
-23341
-23302
-23255
-23191
-23122
-23049
-22987
-22925
-22862
-22784
-22694
-22598
-22501
-22409
-22323
-22225
-22123
-22010
-21889
-21767
-21652
-21537
-21420
-21281
-21143
-20997
-20850
-20714
-20574
-20429
-20267
-20100
-19931
-19764
-19604
-19438
-19269
-19078
-18883
-18696
-18508
-18323
-18137
-17932
-17722
-17510
-17300
-17089
-16884
-16669
-16444
-16211
-15977
-15740
-15520
-15291
-15052
-14804
-14553
-14296
-14046
-13802
-13553
-13299
-13031
-12752
-12483
-12217
-11956
-11688
-11410
-11126
-10835
-10550
-10269
-9988
-9706
-9406
-9105
-8805
-8501
-8209
-7920
-7614
-7303
-6985
-6672
-6365
-6062
-5756
-5435
-5113
-4787
-4465
-4153
-3836
-3523
-3191
-2857
-2523
-2194
-1876
-1551
-1221
-888
-544
-202
120
451
776
1106
1452
1792
2130
2464
2788
3119
3452
3795
4134
4464
4797
5122
5448
5791
6129
6464
6793
7114
7430
7756
8090
8419
8750
9067
9382
9691
10011
10332
10655
10972
11272
11575
11878
12187
12496
12802
13104
13392
13674
13968
14260
14552
14847
15122
15394
15660
15935
16211
16481
16750
17011
17262
17510
17767
18019
18271
18513
18744
18975
19208
19433
19667
19894
20107
20310
20516
20720
20927
21132
21328
21510
21686
21863
22044
22221
22391
22553
22708
22853
23000
23146
23291
23435
23563
23684
23799
23910
24029
24146
24250
24343
24431
24510
24594
24672
24753
24820
24880
24929
24976
25032
25081
25120
25150
25175
25187
25207
25222
25239
25247
25244
25225
25207
25193
25175
25157
25124
25082
25031
24982
24936
24889
24831
24765
24689
24605
24528
24447
24361
24276
24171
24065
23943
23834
23723
23607
23481
23349
23205
23063
22926
22780
22636
22477
22307
22138
21968
21801
21626
21447
21260
21067
20860
20667
20471
20278
20072
19848
19629
19405
19187
18965
18739
18510
18266
18019
17774
17533
17293
17049
16788
16524
16261
15992
15735
15470
15206
14929
14644
14361
14084
13809
13533
13245
12947
12653
12354
12063
11772
11477
11182
10868
10559
10250
9949
9649
9344
9030
8712
8390
8082
7771
7459
7149
6829
6496
6173
5857
5544
5226
4901
4574
4240
3916
3598
3287
2964
2637
2301
1972
1649
1331
1017
694
363
30
-295
-618
-931
-1247
-1567
-1895
-2221
-2544
-2860
-3169
-3476
-3799
-4117
-4441
-4748
-5054
-5361
-5666
-5976
-6286
-6600
-6898
-7194
-7485
-7786
-8085
-8386
-8681
-8970
-9248
-9530
-9821
-10111
-10395
-10676
-10950
-11217
-11488
-11757
-12033
-12305
-12566
-12821
-13072
-13329
-13585
-13843
-14101
-14337
-14577
-14811
-15048
-15292
-15531
-15766
-15988
-16203
-16420
-16639
-16864
-17085
-17297
-17491
-17693
-17890
-18095
-18298
-18492
-18680
-18860
-19031
-19209
-19393
-19576
-19750
-19911
-20062
-20209
-20375
-20536
-20687
-20837
-20973
-21103
-21230
-21368
-21509
-21636
-21757
-21857
-21966
-22074
-22184
-22300
-22403
-22497
-22573
-22654
-22741
-22830
-22913
-22986
-23052
-23105
-23164
-23224
-23284
-23344
-23391
-23426
-23452
-23484
-23525
-23556
-23585
-23597
-23608
-23612
-23617
-23635
-23644
-23639
-23634
-23612
-23589
-23569
-23559
-23540
-23512
-23466
-23422
-23373
-23338
-23295
-23246
-23194
-23121
-23048
-22976
-22917
-22850
-22773
-22689
-22594
-22490
-22399
-22307
-22218
-22117
-21999
-21877
-21753
-21634
-21519
-21404
-21270
-21132
-20980
-20840
-20695
-20558
-20409
-20253
-20084
-19908
-19741
-19576
-19416
-19243
-19061
-18867
-18672
-18481
-18296
-18110
-17905
-17696
-17478
-17264
-17056
-16853
-16637
-16412
-16176
-15941
-15709
-15482
-15246
-15014
-14768
-14514
-14254
-14010
-13762
-13512
-13259
-12986
-12712
-12440
-12171
-11899
-11640
-11364
-11079
-10789
-10495
-10215
-9936
-9652
-9357
-9052
-8750
-8448
-8157
-7863
-7566
-7255
-6940
-6619
-6309
-6002
-5696
-5381
-5060
-4730
-4405
-4089
-3772
-3453
-3132
-2795
-2459
-2124
-1806
-1479
-1157
-820
-481
-140
193
522
845
1181
1518
1860
2204
2533
2864
3188
3523
3866
4211
4544
4878
5203
5527
5862
6198
6534
6859
7184
7507
7827
8158
8491
8821
9136
9456
9766
10083
10403
10719
11040
11347
11649
11948
12254
12564
12873
13172
13467
13751
14038
14332
14624
14913
15195
15462
15735
16003
16278
16556
16825
17077
17332
17580
17830
18084
18333
18577
18813
19036
19263
19492
19720
19948
20162
20368
20570
20768
20975
21184
21372
21557
21736
21906
22080
22255
22428
22595
22748
22891
23036
23175
23320
23462
23590
23710
23828
23934
24048
24160
24264
24357
24447
24527
24604
24682
24760
24832
24887
24935
24979
25029
25077
25121
25153
25173
25186
25200
25215
25228
25235
25233
25219
25200
25178
25162
25133
25108
25065
25017
24961
24915
24858
24805
24746
24666
24581
24494
24412
24331
24238
24140
24030
23915
23799
23689
23574
23448
23314
23173
23026
22884
22739
22597
22441
22273
22097
21923
21752
21575
21407
21216
21023
20822
20619
20423
20224
20018
19805
19581
19358
19137
18916
18688
18460
18218
17975
17724
17477
17239
16992
16737
16474
16211
15940
15682
15419
15153
14880
14598
14312
14035
13753
13477
13187
12896
12598
12304
12010
11720
11427
11128
10827
10514
10204
9896
9596
9293
8984
8666
8344
8032
7724
7413
7100
6775
6450
6127
5807
5492
5178
4861
4532
4198
3875
3552
3233
2924
2594
2262
1928
1604
1285
969
648
320
-11
-342
-670
-985
-1290
-1611
-1936
-2268
-2590
-2904
-3218
-3524
-3843
-4162
-4484
-4798
-5104
-5402
-5713
-6018
-6326
-6641
-6943
-7241
-7528
-7826
-8120
-8428
-8724
-9012
-9295
-9575
-9862
-10151
-10436
-10719
-10989
-11258
-11524
-11794
-12075
-12343
-12605
-12860
-13113
-13365
-13622
-13879
-14138
-14382
-14613
-14850
-15086
-15331
-15572
-15807
-16028
-16244
-16458
-16676
-16903
-17123
-17334
-17539
-17728
-17927
-18129
-18329
-18530
-18720
-18900
-19071
-19246
-19429
-19609
-19787
-19944
-20103
-20252
-20402
-20565
-20721
-20871
-21009
-21136
-21259
-21397
-21533
-21663
-21783
-21894
-21996
-22098
-22211
-22321
-22432
-22522
-22608
-22681
-22764
-22847
-22934
-23010
-23069
-23129
-23183
-23241
-23300
-23361
-23407
-23440
-23473
-23501
-23535
-23565
-23598
-23617
-23627
-23627
-23631
-23633
-23648
-23651
-23638
-23619
-23590
-23572
-23555
-23535
-23516
-23470
-23423
-23375
-23331
-23293
-23244
-23192
-23123
-23049
-22972
-22902
-22837
-22768
-22681
-22589
-22486
-22385
-22296
-22198
-22103
-21985
-21864
-21738
-21618
-21500
-21381
-21255
-21115
-20964
-20813
-20671
-20532
-20385
-20224
-20059
-19886
-19714
-19551
-19384
-19212
-19033
-18835
-18639
-18445
-18255
-18064
-17873
-17662
-17445
-17225
-17014
-16808
-16596
-16373
-16140
-15900
-15659
-15429
-15204
-14962
-14723
-14469
-14216
-13953
-13703
-13456
-13205
-12939
-12665
-12388
-12120
-11854
-11586
-11313
-11024
-10738
-10439
-10155
-9880
-9598
-9305
-9002
-8699
-8390
-8091
-7797
-7501
-7189
-6872
-6558
-6243
-5932
-5631
-5316
-5001
-4668
-4339
-4023
-3701
-3386
-3063
-2732
-2394
-2064
-1734
-1415
-1093
-768
-419
-82
252
583
913
1237
1571
1918
2257
2595
2921
3248
3578
3914
4260
4599
4927
5252
5581
5905
6243
6582
6915
7235
7556
7873
8199
8532
8860
9179
9498
9809
10124
10439
10760
11074
11384
11686
11987
12288
12596
12898
13206
13492
13775
14060
14348
14640
14934
15213
15491
15758
16024
16295
16567
16836
17099
17350
17598
17850
18097
18350
18590
18825
19057
19280
19506
19734
19964
20179
20384
20584
20782
20988
21185
21381
21571
21749
21921
22092
22264
22436
22599
22754
22900
23040
23179
23328
23469
23600
23718
23830
23937
24051
24161
24263
24364
24452
24524
24602
24681
24760
24828
24890
24937
24982
25028
25073
25118
25151
25176
25184
25197
25210
25218
25229
25230
25216
25192
25173
25150
25132
25101
25064
25015
24958
24903
24852
24794
24732
24659
24576
24487
24404
24317
24224
24130
24020
23903
23790
23671
23557
23433
23304
23160
23016
22865
22722
22575
22420
22255
22084
21904
21736
21561
21385
21202
21006
20801
20602
20397
20199
19995
19787
19564
19336
19108
18882
18665
18433
18198
17949
17697
17454
17209
16965
16710
16452
16180
15917
15649
15385
15119
14849
14565
14281
13998
13717
13440
13160
12866
12567
12267
11968
11684
11391
11087
10784
10473
10160
9853
9552
9253
8944
8623
8301
7984
7676
7364
7056
6727
6406
6081
5757
5439
5127
4811
4480
4154
3820
3496
3176
2864
2541
2209
1874
1546
1227
907
588
265
-64
-396
-724
-1043
-1355
-1673
-1996
-2324
-2650
-2969
-3282
-3584
-3900
-4217
-4541
-4858
-5164
-5466
-5769
-6076
-6385
-6698
-7003
-7299
-7592
-7886
-8180
-8481
-8782
-9070
-9358
-9634
-9916
-10202
-10488
-10774
-11051
-11320
-11579
-11851
-12122
-12395
-12657
-12921
-13171
-13418
-13677
-13931
-14188
-14433
-14668
-14899
-15133
-15372
-15613
-15849
-16078
-16289
-16503
-16721
-16938
-17164
-17380
-17583
-17775
-17969
-18165
-18366
-18568
-18757
-18931
-19108
-19279
-19457
-19639
-19814
-19978
-20132
-20283
-20433
-20589
-20744
-20897
-21033
-21165
-21290
-21417
-21552
-21680
-21804
-21919
-22016
-22118
-22224
-22332
-22438
-22532
-22616
-22692
-22771
-22853
-22936
-23014
-23082
-23138
-23186
-23243
-23304
-23357
-23407
-23444
-23473
-23495
-23518
-23555
-23590
-23610
-23617
-23618
-23616
-23625
-23631
-23638
-23629
-23609
-23580
-23554
-23538
-23522
-23500
-23464
-23411
-23357
-23316
-23267
-23231
-23172
-23108
-23032
-22955
-22880
-22819
-22742
-22660
-22568
-22465
-22360
-22266
-22174
-22076
-21966
-21841
-21719
-21591
-21474
-21352
-21224
-21088
-20940
-20786
-20641
-20496
-20347
-20201
-20030
-19853
-19685
-19512
-19348
-19181
-18998
-18803
-18607
-18414
-18218
-18032
-17833
-17631
-17411
-17194
-16976
-16767
-16560
-16340
-16112
-15872
-15634
-15398
-15164
-14936
-14696
-14440
-14180
-13927
-13677
-13427
-13175
-12907
-12636
-12354
-12089
-11817
-11551
-11279
-11001
-10709
-10414
-10130
-9846
-9566
-9279
-8977
-8671
-8364
-8063
-7764
-7469
-7168
-6851
-6535
-6217
-5903
-5603
-5294
-4972
-4642
-4314
-3989
-3671
-3356
-3039
-2705
-2365
-2028
-1701
-1377
-1052
-732
-389
-49
288
617
950
1274
1608
1945
2292
2630
2960
3284
3616
3949
4293
4630
4966
5294
5615
5948
6277
6613
6954
7284
7595
7920
8240
8571
8902
9221
9539
9852
10159
10476
10794
11118
11424
11727
12027
12330
12635
12942
13239
13534
13824
14105
14394
14685
14978
15266
15536
15803
16068
16341
16612
16880
17143
17399
17647
17887
18143
18395
18636
18877
19103
19324
19549
19775
20003
20221
20426
20631
20826
21023
21229
21418
21605
21787
21957
22129
22294
22464
22634
22791
22936
23078
23213
23353
23494
23628
23749
23861
23961
24073
24185
24288
24390
24476
24549
24623
24703
24780
24851
24911
24961
25001
25046
25088
25134
25165
25187
25203
25213
25222
25231
25243
25238
25226
25207
25183
25153
25136
25103
25066
25018
24957
24908
24850
24795
24733
24656
24573
24481
24397
24307
24220
24117
24012
23889
23775
23655
23538
23417
23284
23142
22994
22841
22697
22546
22393
22229
22056
21876
21701
21528
21346
21167
20966
20764
20561
20359
20159
19955
19744
19517
19293
19062
18838
18615
18383
18148
17898
17648
17395
17153
16907
16652
16396
16129
15860
15590
15324
15064
14789
14509
14225
13935
13653
13376
13094
12801
12505
12207
11909
11614
11325
11028
10727
10413
10100
9792
9487
9193
8882
8561
8241
7926
7612
7297
6987
6668
6344
6018
5689
5375
5061
4743
4422
4097
3760
3432
3113
2801
2477
2150
1819
1490
1165
848
529
214
-122
-456
-776
-1097
-1410
-1725
-2045
-2369
-2697
-3013
-3328
-3639
-3945
-4264
-4584
-4901
-5212
-5514
-5810
-6117
-6427
-6740
-7045
-7346
-7633
-7920
-8217
-8518
-8819
-9111
-9391
-9673
-9950
-10232
-10524
-10804
-11081
-11347
-11610
-11876
-12149
-12420
-12689
-12946
-13197
-13444
-13694
-13950
-14205
-14456
-14695
-14927
-15162
-15393
-15632
-15868
-16100
-16316
-16527
-16734
-16957
-17179
-17394
-17597
-17794
-17986
-18181
-18381
-18579
-18772
-18950
-19124
-19286
-19465
-19643
-19817
-19990
-20142
-20291
-20442
-20590
-20748
-20900
-21039
-21168
-21294
-21420
-21550
-21682
-21809
-21918
-22024
-22123
-22227
-22333
-22438
-22536
-22623
-22698
-22772
-22855
-22940
-23016
-23081
-23141
-23187
-23240
-23298
-23355
-23412
-23447
-23478
-23498
-23526
-23561
-23587
-23616
-23628
-23618
-23626
-23623
-23629
-23642
-23632
-23614
-23591
-23564
-23542
-23526
-23501
-23466
-23422
-23370
-23314
-23276
-23226
-23176
-23111
-23034
-22958
-22886
-22813
-22741
-22662
-22573
-22466
-22363
-22267
-22174
-22074
-21967
-21843
-21719
-21591
-21468
-21347
-21228
-21085
-20937
-20789
-20637
-20495
-20349
-20196
-20032
-19855
-19683
-19504
-19335
-19169
-18991
-18798
-18604
-18402
-18209
-18016
-17832
-17626
-17408
-17185
-16973
-16759
-16547
-16330
-16101
-15860
-15618
-15381
-15149
-14922
-14678
-14429
-14168
-13910
-13653
-13399
-13148
-12889
-12619
-12344
-12064
-11795
-11534
-11261
-10978
-10691
-10397
-10104
-9817
-9537
-9254
-8952
-8647
-8339
-8034
-7731
-7436
-7139
-6823
-6498
-6184
-5873
-5566
-5260
-4936
-4617
-4285
-3955
-3634
-3315
-3003
-2672
-2338
-2003
-1668
-1340
-1021
-693
-356
-15
326
661
988
1313
1648
1987
2329
2669
3003
3332
3660
3993
4328
4673
5011
5338
5660
5985
6316
6657
6990
7319
7641
7954
8275
8608
8937
9262
9576
9888
10197
10515
10834
11150
11467
11769
12066
12368
12663
12978
13280
13574
13860
14143
14428
14717
15006
15295
15570
15840
16102
16369
16647
16913
17178
17425
17678
17918
18168
18416
18663
18899
19131
19353
19575
19795
20023
20241
20453
20655
20846
21038
21241
21439
21631
21808
21978
22145
22316
22480
22647
22805
22948
23086
23225
23362
23504
23636
23759
23864
23972
24080
24184
24291
24389
24476
24553
24620
24695
24773
24845
24903
24956
25000
25039
25077
25124
25159
25186
25200
25204
25210
25223
25223
25224
25216
25193
25167
25141
25115
25091
25052
25006
24952
24892
24832
24779
24711
24642
24558
24470
24379
24291
24198
24099
23992
23873
23757
23634
23512
23393
23263
23120
22972
22823
22675
22524
22368
22207
22031
21858
21675
21497
21323
21145
20949
20745
20543
20340
20134
19933
19724
19501
19277
19045
18820
18595
18368
18129
17881
17629
17377
17128
16887
16637
16377
16104
15835
15572
15304
15039
14767
14495
14206
13917
13636
13356
13076
12788
12488
12190
11888
11595
11303
11011
10710
10399
10089
9776
9471
9169
8868
8552
8229
7910
7593
7280
6969
6654
6333
6000
5679
5359
5043
4734
4406
4075
3746
3415
3100
2779
2464
2134
1805
1474
1147
827
512
194
-138
-469
-796
-1113
-1435
-1748
-2063
-2392
-2719
-3035
-3356
-3664
-3972
-4281
-4602
-4924
-5235
-5539
-5833
-6136
-6447
-6757
-7065
-7367
-7652
-7944
-8235
-8542
-8840
-9129
-9415
-9697
-9970
-10255
-10539
-10824
-11103
-11371
-11641
-11902
-12170
-12448
-12713
-12976
-13227
-13474
-13723
-13978
-14231
-14482
-14722
-14954
-15189
-15418
-15659
-15896
-16126
-16345
-16558
-16764
-16985
-17207
-17422
-17632
-17828
-18017
-18214
-18412
-18608
-18802
-18985
-19156
-19326
-19502
-19676
-19853
-20022
-20183
-20326
-20478
-20627
-20779
-20930
-21074
-21205
-21326
-21451
-21580
-21711
-21833
-21952
-22051
-22148
-22251
-22355
-22460
-22561
-22643
-22723
-22799
-22875
-22955
-23033
-23106
-23167
-23212
-23260
-23314
-23368
-23427
-23463
-23495
-23517
-23538
-23571
-23597
-23625
-23640
-23639
-23636
-23634
-23637
-23640
-23636
-23623
-23600
-23570
-23548
-23522
-23500
-23464
-23421
-23366
-23312
-23264
-23219
-23167
-23102
-23032
-22953
-22872
-22800
-22727
-22649
-22558
-22456
-22349
-22251
-22148
-22054
-21944
-21826
-21703
-21570
-21443
-21321
-21198
-21065
-20915
-20761
-20606
-20456
-20315
-20159
-19999
-19825
-19651
-19472
-19300
-19126
-18948
-18761
-18565
-18362
-18165
-17970
-17780
-17578
-17365
-17141
-16918
-16702
-16490
-16277
-16051
-15812
-15567
-15328
-15092
-14858
-14623
-14376
-14117
-13852
-13594
-13341
-13088
-12832
-12562
-12284
-12004
-11734
-11462
-11192
-10914
-10627
-10334
-10041
-9751
-9467
-9186
-8886
-8580
-8266
-7964
-7664
-7364
-7069
-6753
-6436
-6113
-5803
-5488
-5182
-4864
-4544
-4212
-3881
-3563
-3241
-2925
-2602
-2270
-1932
-1599
-1269
-943
-619
-291
49
394
730
1060
1385
1714
2047
2392
2731
3071
3393
3721
4055
4394
4738
5073
5404
5731
6052
6378
6720
7049
7386
7707
8020
8340
8668
8990
9319
9640
9949
10259
10567
10879
11207
11521
11824
12121
12420
12716
13028
13328
13629
13911
14193
14478
14766
15054
15342
15620
15887
16153
16415
16686
16958
17217
17476
17724
17966
18205
18456
18703
18938
19172
19393
19612
19836
20052
20273
20481
20688
20883
21075
21266
21465
21656
21836
22003
22168
22336
22507
22666
22827
22970
23111
23245
23379
23520
23651
23774
23887
23997
24094
24201
24304
24403
24489
24569
24640
24716
24781
24852
24915
24964
25008
25046
25081
25124
25162
25184
25199
25208
25212
25220
25222
25224
25215
25191
25164
25136
25104
25082
25046
25000
24941
24884
24825
24761
24702
24631
24552
24459
24367
24272
24180
24089
23980
23864
23740
23618
23494
23375
23245
23108
22957
22804
22649
22501
22344
22186
22015
21836
21653
21469
21296
21111
20920
20719
20508
20300
20097
19899
19682
19465
19232
19009
18781
18549
18320
18091
17844
17587
17338
17092
16845
16592
16340
16070
15794
15525
15258
14996
14727
14448
14159
13873
13587
13308
13022
12736
12438
12137
11839
11544
11246
10955
10654
10342
10031
9716
9404
9106
8803
8486
8174
7849
7530
7216
6903
6594
6269
5944
5614
5295
4974
4658
4340
4013
3683
3354
3025
2707
2388
2061
1732
1401
1074
754
438
118
-210
-532
-872
-1193
-1508
-1821
-2139
-2456
-2787
-3110
-3422
-3737
-4043
-4356
-4672
-4993
-5304
-5615
-5912
-6210
-6516
-6824
-7133
-7436
-7724
-8017
-8302
-8600
-8903
-9197
-9481
-9760
-10038
-10318
-10599
-10885
-11165
-11436
-11700
-11961
-12227
-12496
-12768
-13032
-13280
-13533
-13784
-14031
-14283
-14533
-14780
-15009
-15234
-15466
-15700
-15939
-16174
-16394
-16606
-16813
-17026
-17244
-17462
-17673
-17867
-18059
-18245
-18441
-18639
-18831
-19016
-19189
-19359
-19528
-19699
-19876
-20050
-20204
-20354
-20498
-20640
-20793
-20945
-21087
-21225
-21340
-21466
-21587
-21721
-21845
-21964
-22068
-22165
-22262
-22362
-22468
-22569
-22654
-22733
-22801
-22874
-22952
-23031
-23103
-23166
-23210
-23257
-23308
-23361
-23419
-23453
-23492
-23510
-23533
-23557
-23581
-23608
-23624
-23630
-23625
-23619
-23620
-23628
-23620
-23606
-23579
-23546
-23525
-23504
-23480
-23448
-23406
-23350
-23297
-23244
-23194
-23145
-23082
-23015
-22933
-22850
-22770
-22700
-22622
-22535
-22433
-22326
-22220
-22122
-22023
-21916
-21801
-21668
-21542
-21415
-21287
-21162
-21031
-20889
-20735
-20575
-20428
-20275
-20132
-19968
-19797
-19621
-19439
-19272
-19099
-18924
-18738
-18541
-18335
-18138
-17941
-17750
-17552
-17339
-17121
-16896
-16676
-16464
-16247
-16027
-15792
-15548
-15304
-15065
-14834
-14595
-14348
-14091
-13831
-13570
-13314
-13056
-12805
-12538
-12263
-11987
-11705
-11440
-11162
-10894
-10608
-10314
-10016
-9730
-9441
-9159
-8865
-8557
-8252
-7940
-7634
-7346
-7042
-6736
-6414
-6095
-5781
-5469
-5160
-4846
-4525
-4193
-3864
-3539
-3218
-2899
-2579
-2249
-1910
-1573
-1245
-922
-600
-268
70
416
753
1081
1408
1741
2075
2414
2753
3092
3422
3748
4074
4414
4754
5092
5421
5746
6073
6397
6737
7068
7401
7726
8041
8359
8679
9007
9334
9664
9971
10278
10590
10902
11221
11541
11848
12150
12444
12740
13044
13344
13643
13939
14218
14502
14785
15076
15357
15639
15911
16179
16439
16705
16972
17244
17501
17748
17986
18229
18481
18725
18967
19199
19422
19640
19858
20078
20297
20514
20714
20909
21101
21295
21487
21677
21862
22032
22197
22358
22524
22687
22851
22998
23135
23268
23400
23534
23669
23795
23907
24010
24112
24217
24313
24413
24506
24584
24653
24723
24792
24866
24931
24983
25025
25062
25098
25134
25167
25193
25214
25223
25228
25226
25233
25230
25227
25203
25173
25143
25111
25082
25050
25006
24949
24888
24827
24762
24700
24632
24550
24458
24364
24272
24173
24078
23978
23860
23737
23609
23486
23361
23228
23094
22945
22792
22631
22480
22326
22167
21995
21815
21633
21449
21271
21095
20900
20700
20496
20279
20071
19867
19661
19441
19220
18981
18750
18522
18291
18056
17816
17565
17313
17059
16803
16561
16300
16043
15767
15492
15225
14958
14692
14418
14132
13843
13550
13270
12984
12701
12411
12112
11812
11509
11216
10918
10620
10313
9998
9691
9379
9074
8769
8461
8141
7817
7498
7182
6870
6556
6238
5914
5587
5262
4944
4628
4309
3982
3656
3322
3000
2676
2362
2040
1711
1378
1049
730
409
92
-225
-556
-890
-1210
-1526
-1847
-2158
-2480
-2805
-3123
-3442
-3755
-4064
-4370
-4682
-5004
-5318
-5625
-5926
-6224
-6527
-6838
-7143
-7446
-7740
-8026
-8316
-8612
-8907
-9203
-9490
-9768
-10041
-10320
-10606
-10891
-11171
-11440
-11709
-11971
-12235
-12506
-12774
-13036
-13293
-13538
-13778
-14027
-14284
-14538
-14782
-15020
-15248
-15475
-15707
-15948
-16182
-16403
-16615
-16825
-17034
-17247
-17466
-17672
-17880
-18064
-18252
-18448
-18641
-18838
-19021
-19195
-19364
-19531
-19702
-19880
-20051
-20214
-20361
-20507
-20652
-20796
-20948
-21098
-21229
-21353
-21471
-21593
-21723
-21847
-21971
-22074
-22171
-22267
-22368
-22469
-22569
-22660
-22742
-22812
-22884
-22958
-23033
-23109
-23172
-23222
-23269
-23316
-23371
-23421
-23466
-23497
-23526
-23541
-23564
-23588
-23619
-23633
-23641
-23636
-23628
-23633
-23629
-23628
-23619
-23592
-23562
-23532
-23508
-23488
-23455
-23415
-23362
-23306
-23252
-23202
-23154
-23093
-23025
-22947
-22860
-22782
-22705
-22629
-22542
-22445
-22334
-22231
-22125
-22029
-21925
-21808
-21685
-21548
-21418
-21288
-21166
-21038
-20894
-20740
-20578
-20422
-20275
-20132
-19969
-19800
-19620
-19439
-19261
-19091
-18920
-18737
-18538
-18338
-18134
-17932
-17741
-17544
-17337
-17111
-16888
-16667
-16450
-16232
-16016
-15784
-15541
-15296
-15053
-14819
-14580
-14341
-14089
-13824
-13558
-13297
-13041
-12792
-12524
-12253
-11967
-11687
-11418
-11144
-10869
-10585
-10295
-9996
-9706
-9417
-9131
-8836
-8532
-8224
-7914
-7612
-7311
-7012
-6703
-6392
-6070
-5744
-5434
-5126
-4815
-4493
-4161
-3831
-3502
-3181
-2857
-2538
-2211
-1872
-1536
-1205
-874
-555
-226
110
455
793
1126
1457
1784
2116
2454
2801
3138
3466
3794
4120
4460
4797
5142
5471
5800
6121
6446
6775
7112
7447
7774
8092
8411
8726
9053
9385
9704
10018
10324
10639
10946
11268
11584
11892
12193
12493
12788
13088
13391
13693
13985
14270
14550
14828
15116
15402
15683
15951
16215
16482
16737
17007
17276
17538
17780
18026
18266
18507
18753
18992
19229
19449
19666
19880
20100
20320
20533
20740
20932
21117
21310
21501
21692
21875
22047
22212
22371
22533
22695
22855
23007
23146
23279
23407
23542
23671
23798
23914
24017
24118
24218
24316
24416
24508
24587
24659
24724
24795
24860
24924
24978