10000	10
-6797
-7121
-7416
-7673
-7939
-8129
-8397
-8696
-9032
-9362
-9714
-10037
-10317
-10549
-10777
-10992
-11213
-11461
-11770
-12099
-12427
-12723
-12985
-13185
-13363
-13548
-13776
-14044
-14383
-14416
-14588
-15016
-15273
-15473
-15701
-15939
-16275
-15947
-15455
-15576
-15669
-15816
-16139
-16453
-16920
-17126
-17003
-16665
-16258
-16114
-16169
-16348
-16843
-17748
-18715
-19667
-20013
-20156
-20302
-20456
-20610
-20775
-20916
-21053
-21183
-21300
-21433
-21556
-21687
-18308
-9387
-9256
-9064
-8875
-8696
-8590
-8669
-8981
-9365
-9660
-9860
-9815
-9640
-9420
-9241
-9124
-9168
-9516
-9752
-10031
-10161
-10147
-9991
-9843
-9599
-9526
-9457
-9656
-9985
-10291
-10451
-10488
-10154
-9904
-9642
-9545
-9595
-9754
-10179
-10315
-10303
-10219
-10027
-9828
-9622
-9455
-9434
-9560
-9889
-10103
-10198
-10016
-9864
-9609
-9273
-8957
-8994
-9201
-9525
-9811
-9984
-9898
-9697
-9375
-9108
-8907
-9001
-9297
-9618
-9776
-9727
-9466
-9113
-8726
-8358
-8089
-8172
-8349
-8798
-9052
-9079
-8971
-8807
-8647
-8627
-9227
-10438
-12285
-15523
-17323
-17108
-16905
-16695
-16482
-16255
-16021
-15779
-15547
-15324
-15101
-14009
-13863
-14094
-13870
-14037
-13801
-13464
-13221
-12999
-12805
-12591
-12322
-12038
-11704
-11352
-11031
-10743
-10467
-10251
-10065
-9812
-9518
-9184
-8819
-8495
-8133
-7796
-7490
-7243
-7009
-6740
-6426
-6090
-5733
-5343
-4967
-4639
-4373
-4096
-3857
-3569
-3266
-2888
-2502
-2099
-1727
-1400
-1090
-808
-532
-242
72
445
822
1214
1602
1974
2281
2554
2791
3114
3462
3849
4230
4599
4941
5265
5598
5901
6180
6500
6845
7172
7510
7856
8198
8535
8865
9154
9429
9754
10065
10385
10718
11046
11356
11664
11963
12262
12558
12859
13154
13447
13734
14025
14318
14614
14900
15173
9746
4752
4786
4649
4621
4614
4807
5136
5573
5956
6299
6532
6570
6448
6305
6300
6355
6609
7062
7425
7774
7915
7794
7600
7490
7439
7822
8118
8443
8790
9147
9261
9304
9216
8966
8894
8879
9053
9467
9782
10170
10206
10120
9881
9624
9558
9698
10005
10403
10668
10928
10891
10832
10593
10553
10551
10597
10665
10861
11166
11436
11613
11677
11608
11484
11372
11318
11321
11614
11934
12098
12145
12057
11875
11734
11528
11412
11466
11702
12027
12148
12140
12062
12061
12019
12300
12712
13648
15295
18227
23193
23641
23515
23381
23244
23104
22969
22835
22690
22534
22113
21898
21718
21592
21495
21389
21229
21039
20804
20554
20309
20099
19890
19684
19567
19415
19217
18975
18719
18431
18115
17832
17609
17429
17288
17072
16854
16577
16261
15973
15680
15385
15151
14947
14730
14488
14237
13961
13639
13299
12934
12615
12339
12102
11900
11664
11393
11087
10719
10364
10002
9671
9426
9182
8913
8633
8345
8028
7679
7283
6925
6624
6393
6117
5816
5512
5198
4880
4535
4162
3822
3536
3252
2929
2604
2289
1971
1656
1340
994
663
345
16
-296
-603
-910
-1229
-1550
-1874
-2199
-2510
-2820
-3136
-3453
-3768
-4085
-4391
-4690
-4992
-5297
-5584
-131
-126
-129
-129
-129
-129
-129
-130
-131
-177
-189
-129
-132
-272
-465
-701
-1202
-1585
-1872
-2103
-2147
-2125
-2102
-2124
-2178
-2516
-2826
-3297
-3826
-4185
-4223
-4205
-3950
-3811
-3922
-4238
-4586
-5166
-5395
-5661
-5578
-5483
-5370
-5394
-5463
-5750
-6110
-6521
-6864
-7118
-7256
-7154
-6848
-6931
-7013
-7297
-7539
-7952
-8366
-8706
-8891
-8778
-8559
-8478
-8670
-8905
-9295
-9708
-10141
-10384
-10361
-10072
-9860
-9717
-9802
-9879
-10225
-10725
-11145
-11410
-11423
-11216
-11068
-11158
-11464
-12112
-13277
-14965
-17729
-22809
-23353
-23387
-23423
-23468
-23511
-23544
-23567
-23584
-23596
-23620
-14784
-14287
-14399
-14481
-14437
-14287
-14080
-13956
-13943
-14036
-14210
-14424
-14666
-14719
-14806
-14447
-14144
-13925
-13765
-13725
-13935
-14243
-14543
-14672
-14338
-14391
-14139
-13958
-13973
-14218
-14452
-14880
-14992
-14959
-14883
-14708
-14467
-14370
-14213
-14191
-14389
-14665
-15035
-15166
-15070
-14927
-14711
-14606
-14551
-14655
-14881
-15114
-15454
-15629
-15536
-15337
-15066
-14948
-14862
-15026
-15574
-16009
-16459
-16590
-16306
-15651
-15517
-15451
-15390
-15501
-15385
-15134
-14890
-14641
-14383
-14148
-13893
-13644
-13410
-13140
-12876
-12620
-12356
-12079
-11797
-11506
-11216
-10953
-10680
-10413
-10132
-9829
-9528
-9228
-8940
-8654
-8356
-8056
-7749
-7440
-1745
-129
-128
-128
-127
-128
-129
-126
-129
-127
-127
-125
-126
-124
-125
-126
-125
-126
-125
-123
-123
-122
-121
-120
-120
-118
-118
-117
-117
-119
-116
-116
-116
-116
-117
-115
-117
-116
-115
-115
-116
-116
-114
-114
-112
-112
-113
-51
155
72
620
372
262
436
851
1330
1792
2188
2566
2747
2774
2833
2839
3045
3458
3969
4497
4943
5310
5443
5349
5113
4966
5052
5373
5822
6284
6730
7150
7415
7460
7354
7335
7676
8358
9295
10623
12519
15595
20176
20064
20282
20490
20702
20900
21093
21275
21460
21643
21534
21724
21931
22152
22363
22543
22702
22798
22881
22962
23072
23230
23412
23604
23788
23924
23988
24006
24037
24074
24143
24237
24410
24554
24676
24726
24801
24824
24815
24791
24794
24889
24999
25079
25141
25167
25175
25099
25038
24949
24938
24956
25004
25068
25071
25052
24995
24919
24803
24710
24615
24590
24586
24590
24573
24498
24382
24247
24103
23961
23842
23803
23747
23641
23532
23420
23312
23168
22998
22830
22672
22506
22369
22222
22074
21918
21745
21559
21360
21165
20970
20778
20582
20388
20189
19994
19793
19586
19356
19107
18880
18651
18421
18201
17973
17734
17484
17229
16975
15396
5553
4728
4242
3912
3698
3633
3782
3870
3856
3698
3346
3028
2605
2205
2004
1968
1955
2003
2053
1798
1438
1008
498
62
-61
-72
-10
58
-82
-114
-113
-113
-113
-114
-115
-113
-112
-116
-115
-116
-117
-115
-114
-117
-115
-117
-116
-118
-118
-117
-118
-119
-119
-119
-121
-121
-122
-123
-123
-125
-124
-125
-123
-124
-124
-124
-125
-124
-125
-125
-126
-127
-125
-126
-127
-126
-172
-283
-1124
-805
-854
-1027
-1083
-1278
-1764
-2467
-3276
-4245
-5617
-8149
-10833
-11109
-11382
-11638
-11899
-12161
-12429
-12700
-12967
-13229
-13478
-13725
-14131
-14361
-14441
-14232
-14024
-13884
-13831
-14029
-14298
-14639
-14809
-14736
-14624
-14494
-14142
-13916
-13952
-13940
-14022
-14239
-14389
-14456
-14541
-14058
-14116
-13943
-13817
-14111
-14451
-14906
-15128
-15121
-14909
-14656
-14420
-14279
-14306
-14375
-14513
-14773
-14884
-15135
-15005
-14807
-14596
-14455
-14447
-14592
-14809
-15121
-15338
-15595
-15535
-15380
-15060
-14793
-14754
-14952
-15375
-15874
-16316
-16615
-16646
-16340
-15857
-15628
-15739
-16012
-16366
-16631
-16873
-17050
-16917
-16562
-16080
-15815
-15929
-16170
-16518
-16889
-17315
-17643
-17816
-17772
-18009
-18652
-20096
-22501
-23268
-23215
-23158
-23089
-23009
-22927
-22853
-22780
-22712
-22632
-21525
-9791
-8556
-8502
-8468
-8631
-8851
-9044
-9028
-8888
-8546
-8246
-7932
-7723
-7761
-7917
-8087
-8181
-8133
-7863
-7495
-7152
-6922
-6822
-6730
-6651
-6832
-7029
-7035
-6946
-6563
-6094
-5766
-5540
-5462
-5664
-5844
-5894
-5827
-5506
-5061
-4726
-4383
-4217
-4179
-4160
-4317
-4389
-4298
-4036
-3637
-3314
-2926
-2621
-2542
-2649
-2810
-2986
-2805
-2489
-2080
-1680
-1380
-1162
-1172
-1351
-1641
-1852
-1706
-1236
-709
-133
-136
-135
-128
-128
-127
-127
-127
-127
-125
-124
-124
-124
-123
-123
-384
-1724
-2864
-2116
-1786
-1466
-1143
-819
-485
-145
192
522
842
1158
1482
1620
2030
2381
2739
3031
3302
3564
3865
4194
4565
4930
5347
5713
6050
6356
6612
6850
7135
7436
7794
8196
8598
8961
9296
9535
9823
10089
10354
10678
11058
11395
11793
12129
12413
12679
12927
13116
13372
13646
13960
14340
14714
15052
15329
15553
15766
15951
16190
16482
16792
17100
17452
17688
17952
18199
18369
18566
18779
19006
19303
19584
19832
20067
20300
20503
20674
20837
21034
21248
21436
21622
21801
21988
22172
22354
22512
22628
22773
22925
23063
23210
23366
23512
23644
23772
23874
23975
24075
24176
24279
24376
24465
24545
24622
24709
24781
24844
24900
18811
10570
10193
9931
10004
10244
10558
10837
11027
11009
10814
10528
10271
10150
10211
10358
10654
10763
10978
10774
10547
10303
10019
9911
9940
10032
10105
10425
10543
10641
10357
9963
9566
9408
9424
9540
9769
9965
9926
9754
9453
9068
8799
8657
8599
8678
8868
9035
9089
8990
8727
8290
7988
7703
7645
7697
7854
8097
8177
7948
7472
7003
6681
6595
6655
6806
7062
7321
7332
7072
6556
5964
5654
5369
5353
5418
5657
5913
5967
5735
5285
4757
4447
4253
4247
4507
5184
6053
6988
7928
9820
11501
11203
10898
10592
10283
9986
9686
9376
9058
8739
8414
7958
7690
7406
7085
6721
6321
5938
5607
5313
5065
4815
4559
4240
3904
3539
3127
2745
2398
2095
1820
1581
1321
1026
680
272
-77
-452
-796
-1070
-1315
-1559
-1828
-2128
-2477
-2835
-3211
-3586
-3914
-4210
-4481
-4721
-4984
-5264
-5552
-5932
-6300
-6656
-6978
-7223
-7455
-7671
-7924
-8217
-8520
-8867
-9218
-9582
-9817
-10064
-10269
-10521
-10779
-11044
-11301
-11600
-11896
-12201
-12438
-12672
-12915
-13168
-13417
-13671
-13914
-14177
-14451
-14722
-14935
-15150
-15384
-15608
-15824
-16038
-16254
-16483
-16721
-16944
-17159
-17354
-17551
-17744
-17945
-18145
-18340
-18530
-18712
-18891
-19068
-19259
-16232
-6981
-6804
-7046
-7433
-7752
-8136
-8265
-8245
-8139
-7923
-7921
-7949
-8053
-8466
-8797
-9078
-9176
-9041
-8836
-8573
-8449
-8508
-8689
-9118
-9382
-9720
-9685
-9556
-9506
-9426
-9364
-9395
-9665
-9857
-10026
-10289
-10375
-10271
-10016
-9640
-9470
-9493
-9664
-9934
-10242
-10450
-10607
-10374
-10100
-9790
-9643
-9742
-10017
-10213
-10527
-10602
-10632
-10406
-10105
-9820
-9899
-10193
-10512
-10789
-10948
-11002
-10948
-10752
-10373
-10019
-9914
-10045
-10250
-10489
-10678
-10745
-10620
-10317
-9934
-9579
-9457
-9720
-10096
-10691
-11375
-12196
-13117
-14041
-16106
-20333
-20166
-20003
-19846
-19686
-19527
-19355
-19168
-18984
-18807
-18627
-14810
-14316
-14088
-13969
-13764
-13739
-13945
-14148
-14363
-14588
-14716
-14735
-14452
-14202
-14133
-13837
-13849
-14058
-14262
-14411
-14201
-13953
-13710
-13525
-13143
-12934
-12716
-12461
-12132
-11778
-11431
-11096
-10808
-10572
-10383
-10156
-9919
-9594
-9243
-8876
-8549
-8212
-7917
-7643
-7394
-7157
-6896
-6563
-6186
-5787
-5409
-5059
-4775
-4498
-4254
-3963
-3667
-3324
-2943
-2548
-2199
-1863
-1532
-1223
-909
-596
-275
76
420
760
1104
1458
1795
2110
2400
2711
3045
3416
3761
4094
4426
4759
5093
5425
5757
6072
6395
6713
7038
7373
7709
8043
8372
8678
8991
9300
9624
9951
10269
9356
952
1092
1399
1940
2302
2638
2761
2770
2723
2653
2747
3034
3428
3912
4328
4568
4608
4549
4439
4379
4497
4807
5297
5774
6011
6225
6329
6308
6241
6229
6312
6516
6752
7236
7594
7905
7924
7815
7568
7403
7550
7812
8235
8646
8960
9168
9249
9101
8901
8836
8890
9176
9575
9936
10262
10418
10315
10268
10125
10042
10199
10466
10875
11208
11469
11628
11678
11566
11440
11318
11323
11526
11814
12028
12143
12211
12186
12045
11844
11710
11885
12210
12707
13104
13441
14026
14964
16059
18337
22830
25019
24982
24933
24867
24796
24721
24647
24575
24499
24304
24225
24133
23998
23835
23666
23522
23389
23299
23242
23172
23077
22967
22795
22592
22379
22155
21973
21846
21733
21638
21483
21327
21113
20897
20601
20447
20199
20021
19860
19738
19588
19411
19151
18866
18554
18271
18024
17817
17687
17499
17273
17027
16740
16427
16118
15838
15538
15318
15121
14930
14705
14460
14136
13801
13444
13136
12857
12594
12345
12120
11874
11610
11303
10974
10648
10336
10036
9733
9426
9132
8829
8551
8250
7909
7558
7243
6920
6616
6307
6000
5692
5376
5048
4729
4406
4080
3751
3425
3100
2788
2481
2166
1843
1524
1189
855
540
221
-86
-396
-120
-123
-122
-124
-126
-124
-124
-126
-125
-126
-127
-127
-125
-126
-127
-129
-127
-128
-128
-128
-130
-128
-129
-131
-128
-132
-129
-132
-137
-156
-346
-835
-1289
-1788
-2079
-2148
-2104
-2050
-1901
-2019
-2284
-2705
-3177
-3554
-3822
-4036
-3974
-3932
-3849
-3836
-4005
-4364
-4861
-5296
-5720
-5747
-5693
-5642
-5478
-5403
-5605
-6128
-6751
-7314
-7707
-7865
-7796
-7668
-7475
-7345
-7444
-7809
-8340
-8747
-9005
-9147
-9216
-9227
-9110
-9030
-9127
-9442
-10039
-10586
-11012
-11648
-12575
-13793
-16205
-20768
-22062
-22159
-22253
-22349
-22458
-22558
-22649
-22734
-22801
-22871
-15693
-14112
-13836
-13745
-13772
-13930
-14217
-14508
-14711
-14671
-14641
-14453
-14155
-13999
-14067
-14067
-14252
-14442
-14400
-14415
-14295
-14151
-13963
-13929
-13608
-14011
-14288
-14560
-14959
-15048
-14931
-14663
-14451
-14200
-14294
-14401
-14575
-14878
-14932
-14862
-14825
-14511
-14401
-14213
-14290
-14581
-14735
-15039
-15192
-15211
-15233
-15113
-14991
-14722
-14742
-14929
-15205
-15427
-15540
-15709
-16048
-16075
-15856
-15616
-15564
-15695
-16013
-16245
-16436
-16615
-16697
-16419
-15999
-15757
-15778
-15962
-16199
-16379
-16546
-16635
-16425
-16267
-15988
-16061
-15982
-15753
-15522
-15273
-15026
-14793
-14553
-14299
-14045
-13786
-13532
-13282
-13034
-12770
-12499
-12220
-4619
-1924
-1971
-1951
-1803
-1507
-1053
-643
-229
-164
-182
-206
-252
-131
-130
-131
-130
-128
-127
-127
-128
-128
-128
-126
-128
-127
-127
-125
-127
-127
-125
-124
-126
-126
-125
-124
-125
-122
-120
-119
-120
-120
-119
-119
-119
-117
-118
-116
-118
-116
-115
-116
-117
-117
-117
-115
-116
-115
-115
-115
-114
-114
-19
475
760
676
646
713
898
1049
1506
1988
2522
2892
3088
2959
2839
2728
2963
3166
3728
4530
5439
6012
6378
6671
7379
8813
11468
15779
16040
16301
16576
16841
17104
17349
17592
17830
18083
18275
18469
18661
18831
18982
19150
19360
19649
19961
20260
20511
20702
20849
20949
21069
21233
21418
21622
21860
22089
22265
22420
22555
22668
22767
22839
23016
23191
23389
23566
23767
23886
23938
23980
24001
24065
24076
24255
24386
24522
24678
24749
24772
24776
24763
24760
24812
24917
25018
25080
25156
25181
25135
25085
25047
25037
25032
25102
25156
25167
25176
25155
25131
25042
24947
24896
24846
24809
24751
24689
24622
24538
24449
24350
24246
24147
24069
23948
23839
23730
23623
23516
23383
23233
23088
22927
22776
22631
22496
22343
22186
22019
21839
21663
21488
21310
21124
20929
20726
15662
7152
6983
7133
7173
7158
7037
6721
6303
5903
5647
5562
5610
5798
5839
5894
5662
5177
4713
4400
4042
4006
3965
3982
3951
3690
3448
3329
2927
2625
2489
2241
2169
2379
2516
2406
2114
1702
994
413
133
221
395
484
610
220
-117
-112
-114
-114
-113
-114
-115
-115
-114
-117
-116
-117
-116
-117
-116
-116
-117
-117
-119
-120
-119
-121
-118
-118
-119
-120
-120
-121
-121
-122
-123
-122
-123
-124
-124
-124
-122
-123
-124
-123
-124
-126
-126
-1795
-4580
-5963
-6274
-6586
-6887
-7180
-7475
-7777
-8069
-8377
-8660
-8945
-9223
-9683
-10057
-10379
-10639
-10897
-11143
-11334
-11546
-11827
-12137
-12435
-12764
-13092
-13330
-13525
-13752
-14059
-14143
-13859
-13925
-13774
-13785
-13842
-13734
-14289
-14423
-14465
-14701
-14703
-14684
-14715
-14622
-14492
-14506
-14632
-14830
-14972
-14873
-14716
-14483
-14300
-14259
-14379
-14572
-14889
-15332
-15591
-15485
-15190
-14916
-14645
-14700
-14883
-15201
-15334
-15575
-15727
-15625
-15496
-15647
-15787
-15886
-15934
-16068
-16250
-16621
-16765
-16664
-16493
-16330
-16256
-16284
-16282
-16433
-16935
-16940
-16872
-16746
-16737
-16579
-16784
-16698
-17108
-17656
-18631
-19895
-21013
-23014
-23622
-23629
-23646
-23654
-23651
-23628
-23612
-23594
-23580
-23567
-21575
-10502
-10042
-10298
-10307
-10017
-9676
-9240
-9047
-9009
-9218
-9536
-9682
-9769
-9691
-9487
-9189
-8934
-8907
-8724
-8702
-8811
-8862
-8752
-8716
-8545
-8508
-8052
-7856
-7827
-7860
-8215
-8595
-8812
-8639
-8219
-7757
-7104
-6828
-6947
-7026
-7223
-7440
-7373
-7255
-6841
-6521
-6207
-5858
-5823
-5912
-6094
-6140
-6168
-6044
-5769
-5388
-4939
-4638
-4445
-4465
-4761
-4773
-4867
-5019
-4897
-4593
-4230
-3892
-3711
-3557
-3652
-3663
-3446
-3338
-3187
-2810
-2415
-2262
-2460
-2552
-2610
-2775
-2933
-3021
-3044
-3484
-4185
-5446
-7403
-7087
-6783
-6483
-6182
-5881
-5561
-5243
-4920
-4596
-4288
-3965
-3789
-3545
-3247
-2930
-2624
-2273
-1889
-1522
-1163
-820
-511
-262
-30
287
634
1009
1455
1866
2189
2488
2753
3010
3275
3625
3966
4384
4747
5128
5501
5849
6153
6422
6679
6964
7288
7672
8071
8445
8808
9120
9367
9614
9884
10182
10502
10862
11253
11587
11905
12235
12496
12723
12961
13282
13571
13921
14285
14625
14903
15156
15391
15640
15897
16162
16483
16768
17030
17298
17572
17835
18072
18280
18487
18695
18944
19208
19457
19703
19929
20149
20346
20525
20724
20924
21115
21302
21494
21679
21867
22049
22216
22379
22526
22673
22829
22979
23137
23285
20082
9981
9743
10096
10243
10178
9900
9594
9434
9480
9749
10141
10436
10711
10745
10648
10535
10289
10046
10048
10174
10436
10676
10887
10907
10908
10668
10466
10222
10110
10172
10492
10803
11103
11072
10852
10543
10199
10068
9923
10031
10275
10443
10608
10697
10453
10169
9859
9699
9657
9674
9944
10108
10241
10090
9927
9725
9493
9199
9023
9044
9288
9666
9948
9952
9768
9548
9340
8969
8822
8757
8829
8837
8696
8514
8354
8168
7934
7670
7583
7636
7844
7989
7945
7714
7668
7583
7700
8183
9516
12288
16189
15930
15664
15388
15108
14832
14561
14295
14027
13743
13455
12972
12613
12274
11979
11734
11497
11264
11028
10697
10390
10007
9649
9302
8997
8729
8482
8220
7937
7651
7270
6899
6508
6174
5865
5579
5352
5089
4782
4463
4147
3730
3382
3052
2737
2410
2164
1893
1594
1281
927
553
115
-227
-540
-789
-1027
-1282
-1559
-1867
-2214
-2610
-2975
-3320
-3610
-3897
-4162
-4439
-4726
-5022
-5354
-5689
-6000
-6287
-6563
-6831
-7129
-7426
-7719
-8007
-8290
-8607
-8926
-9206
-9496
-9785
-10056
-10304
-10564
-10836
-11109
-11402
-11684
-11953
-12215
-12470
-12727
-12986
-13246
-13497
-13745
-13988
-14236
-14483
-14735
-14974
-15205
-15429
-15645
-15875
-14880
-5577
-5555
-5650
-5607
-5527
-5438
-5499
-5803
-6016
-6344
-6762
-7025
-7036
-6994
-6875
-6778
-6611
-6751
-7073
-7420
-7722
-7975
-8123
-7992
-7658
-7676
-7720
-7936
-8334
-8657
-9133
-9373
-9250
-9122
-8901
-8668
-8624
-8841
-9050
-9357
-9601
-9716
-9790
-9704
-9499
-9341
-9285
-9450
-9667
-9892
-10235
-10444
-10447
-10276
-10019
-9855
-9686
-9742
-9930
-10479
-11199
-11502
-11369
-11046
-10685
-10405
-10300
-10403
-10679
-11097
-11463
-11553
-11471
-11227
-11032
-10828
-10703
-10613
-10839
-11190
-11510
-11657
-11733
-11828
-12103
-12452
-13164
-14446
-17019
-22260
-22327
-22218
-22117
-22014
-21914
-21799
-21674
-21548
-21415
-21282
-14262
-13836
-13852
-14103
-14350
-14527
-14512
-14434
-14281
-14007
-14063
-14091
-14174
-14366
-14662
-14643
-14548
-14361
-14089
-13779
-13689
-13737
-13872
-14245
-14219
-14749
-14793
-14554
-14424
-14306
-14228
-14302
-14459
-14374
-14491
-14512
-14373
-14197
-13890
-13496
-13339
-13123
-12885
-12580
-12237
-11897
-11574
-11288
-11033
-10812
-10641
-10391
-10053
-9742
-9352
-9006
-8674
-8351
-8038
-7774
-7519
-7268
-6927
-6584
-6252
-5920
-5595
-5261
-4949
-4659
-4375
-4078
-3722
-3395
-3077
-2755
-2417
-2080
-1756
-1442
-1141
-816
-473
-144
193
542
885
1214
1544
1872
2198
2531
2871
3203
3532
3859
4184
4521
4857
5196
-118
-116
-115
-114
-115
-114
-113
-112
-114
-86
1003
910
904
493
464
455
600
1006
1469
1924
2239
2430
2356
2273
2184
2401
2586
2928
3420
3849
4299
4620
4663
4593
4461
4412
4473
4847
5375
5734
6108
6252
6270
6097
5983
5988
6166
6553
6992
7463
7743
7906
7913
7694
7639
7698
7913
8208
8476
8895
9350
9607
9631
9533
9505
9633
9862
10136
10352
10584
10848
10875
10760
10528
10454
10540
10746
11055
11425
11797
12068
12034
11891
11833
12098
12746
13806
15393
18062
23319
25077
25111
25149
25172
25191
25197
25207
25218
25228
25022
24925
24876
24846
24865
24932
24960
24966
24920
24816
24697
24566
24467
24426
24422
24419
24377
24309
24204
24056
23860
23699
23568
23462
23412
23326
23309
23224
23074
22898
22693
22486
22349
22200
22069
21984
21850
21712
21536
21289
21034
20805
20567
20380
20224
20120
19975
19782
19570
19301
19008
18717
18462
18276
18125
17966
17751
17478
17240
16925
16668
16390
16132
15924
15696
15442
15193
14928
14654
14361
14047
13741
13460
13215
12945
12665
12373
12085
11790
11493
11192
10885
10580
10266
9964
9667
9373
9069
8771
8449
8124
7805
7496
7187
6876
6562
6244
5916
5598
5286
3442
-116
-116
-118
-116
-115
-116
-117
-117
-118
-117
-118
-118
-120
-119
-119
-122
-122
-122
-124
-124
-124
-125
-127
-125
-125
-126
-126
-126
-126
-126
-127
-129
-127
-128
-127
-129
-126
-128
-129
-131
-128
-128
-130
-132
-139
-192
-504
-995
-1533
-1877
-2079
-2094
-2131
-1939
-2040
-2190
-2603
-2967
-3256
-3551
-3962
-4215
-4311
-4269
-4369
-4607
-5015
-5274
-5580
-5788
-6058
-6066
-5948
-5845
-5910
-6140
-6676
-7056
-7433
-7711
-7847
-7887
-7773
-7791
-8013
-8848
-10110
-11753
-14192
-19189
-19775
-19940
-20094
-20239
-20388
-20544
-20700
-20853
-20989
-21122
-15876
-13986
-14174
-14374
-14536
-14553
-14372
-14150
-13987
-13957
-13947
-14196
-14504
-14691
-14850
-14626
-14379
-14088
-13859
-13655
-13726
-13957
-14225
-14432
-14267
-14568
-14458
-14213
-14210
-14193
-14315
-14633
-14827
-15026
-15076
-14950
-14776
-14515
-14276
-14211
-14224
-14458
-14731
-14987
-15204
-15184
-14962
-14667
-14510
-14533
-14697
-15024
-15273
-15476
-15662
-15600
-15311
-14921
-14721
-14965
-15394
-15696
-16029
-16368
-16582
-16340
-15998
-15712
-15696
-15759
-15969
-16088
-16430
-16713
-16797
-16639
-16285
-15993
-15908
-15966
-16128
-16432
-16950
-17526
-17836
-18104
-17998
-18791
-18616
-18439
-18257
-18063
-17866
-17645
-17434
-17220
-17013
-16813
-16598
-16364
-8187
-4969
-4482
-4111
-3837
-3709
-3767
-3944
-4027
-3987
-3833
-3418
-2935
-2559
-2294
-2123
-2103
-2261
-2223
-2093
-1866
-1476
-972
-671
-274
-254
-250
-273
-729
-124
-128
-130
-130
-128
-129
-129
-127
-128
-129
-127
-129
-127
-126
-126
-125
-124
-126
-126
-125
-125
-124
-126
-125
-124
-122
-122
-121
-119
-120
-118
-119
-120
-119
-118
-118
-117
-118
-119
-119
-120
-120
-118
-116
-118
-117
-114
-90
89
192
764
1000
1232
1375
1597
2093
3057
4430
6219
9038
10875
11174
11473
11777
12086
12394
12702
12998
13286
13568
13841
13826
14127
14486
14831
15150
15446
15699
15937
16140
16362
16619
16857
17165
17507
17805
18065
18270
18473
18617
18765
18988
19238
19516
19839
20079
20334
20502
20664
20784
20959
21123
21360
21609
21831
22049
22212
22370
22470
22533
22660
22780
22943
23148
23358
23536
23688
23768
23855
23903
23959
24038
24183
24306
24480
24612
24718
24764
24760
24733
24742
24814
24978
25064
25118
25150
25180
25206
25206
25170
25163
25169
25190
25204
25209
25208
25192
25167
25122
25058
25002
24949
24914
24874
24829
24756
24689
24611
24529
24440
24352
24253
24145
24041
23943
23836
23725
23606
23478
18123
9830
9465
9066
8638
8417
8347
8319
8548
8756
8760
8701
8407
8072
7726
7341
7252
7181
7261
7412
7467
7353
6983
6601
6158
5871
5731
5957
6064
6132
6104
5839
5629
5366
4898
4516
4278
4194
4347
4429
4364
4252
3914
3444
2994
2591
2450
2445
2569
2807
2766
2518
2172
1671
1385
1105
885
902
991
987
862
648
33
-115
-111
-104
-89
-90
-75
-117
-117
-118
-119
-117
-118
-116
-117
-120
-118
-121
-122
-120
-120
-120
-120
-121
-121
-121
-122
-122
-382
-707
-1032
-1358
-1682
-2000
-2310
-2612
-2928
-3246
-3578
-3898
-4215
-4768
-5005
-5243
-5526
-5849
-6190
-6568
-6909
-7235
-7508
-7784
-7986
-8240
-8505
-8805
-9130
-9496
-9841
-10159
-10430
-10671
-10870
-11061
-11329
-11586
-11901
-12249
-12563
-12838
-13069
-13246
-13487
-13647
-13895
-14172
-13812
-13978
-13729
-14329
-14522
-14787
-14964
-15045
-14982
-14779
-14597
-14469
-14551
-14763
-15002
-15423
-15535
-15561
-15488
-15456
-15240
-15039
-14935
-15109
-15647
-16030
-16364
-16663
-16704
-16688
-16398
-16072
-15923
-16042
-16366
-16535
-16677
-16843
-16907
-16831
-16582
-16133
-16332
-16653
-16928
-17127
-17376
-17863
-18355
-18976
-19515
-20567
-22274
-22950
-23019
-23082
-23155
-23218
-23268
-23310
-23352
-23396
-23443
-21793
-10585
-9673
-9347
-9361
-9444
-9714
-9980
-10213
-10344
-10262
-9994
-9755
-9482
-9458
-9500
-9676
-9950
-10111
-10188
-10073
-9828
-9460
-9218
-9149
-9126
-9483
-9631
-9842
-9845
-9696
-9494
-9217
-9006
-8829
-8785
-9014
-9237
-9473
-9430
-9243
-8888
-8545
-8207
-8088
-8098
-8262
-8562
-8708
-8585
-8390
-8040
-7672
-7443
-7465
-7405
-7510
-7580
-7670
-7650
-7469
-7248
-7185
-7115
-7075
-6887
-6939
-7054
-7149
-7056
-6782
-6525
-6207
-5981
-5887
-5786
-5756
-5815
-5891
-5799
-5512
-5246
-5016
-5111
-5434
-5802
-6508
-7677
-9169
-11535
-11979
-11698
-11421
-11149
-10875
-10597
-10315
-10018
-9721
-9436
-9164
-9121
-8801
-8424
-8072
-7768
-7499
-7248
-7009
-6731
-6422
-6075
-5680
-5310
-4965
-4644
-4364
-4104
-3869
-3583
-3271
-2948
-2503
-2098
-1721
-1398
-1096
-836
-593
-284
64
443
892
1270
1606
1939
2244
2523
2775
3053
3368
3747
4144
4551
4925
5270
5584
5849
6089
6392
6737
7096
7533
7917
8240
8565
8863
9126
9380
9638
9976
10393
10756
11079
11412
11736
12038
12294
12534
12810
13147
13481
13784
14082
14369
14649
14928
15199
15431
15699
16009
16282
16545
16819
17091
17354
17601
17845
18075
18307
18553
18796
19035
19272
19496
19708
19927
20146
20359
20567
9857
7777
7658
7574
7703
8029
8383
8763
9112
9163
9125
8962
8814
8702
8860
9200
9524
9831
10051
9972
9838
9633
9507
9561
9702
9781
10075
10309
10578
10761
10600
10358
10191
9995
10111
10398
10765
10985
11164
11059
10871
10652
10409
10355
10408
10518
10801
11055
11106
11088
10886
10763
10410
10298
10306
10599
10740
10971
11100
11094
10886
10577
10297
10182
10380
10715
10980
11236
11392
11283
10875
10396
9974
9863
9882
9991
10172
10415
10624
10536
10187
9748
9426
9359
9588
10012
10862
11926
13367
15562
19937
19928
19721
19507
19284
19052
18825
18597
18367
18121
17696
17428
17201
17007
16776
16540
16231
15909
15574
15278
15064
14848
14677
14485
14229
13905
13527
13157
12816
12533
12247
12015
11770
11519
11213
10887
10622
10288
9930
9606
9322
9063
8819
8558
8282
7953
7553
7160
6790
6451
6157
5926
5700
5455
5159
4808
4434
4021
3656
3324
3048
2790
2558
2247
1942
1596
1250
863
513
144
-151
-380
-650
-955
-1258
-1559
-1879
-2231
-2570
-2914
-3208
-3515
-3805
-4104
-4404
-4718
-5041
-5351
-5674
-5980
-6278
-6579
-6879
-7169
-7458
-7737
-8036
-8344
-8654
-8947
-9226
-9505
-9775
-10051
-10335
-10621
-10900
-11175
-11442
-11703
-11226
-2074
-1756
-1930
-2394
-2909
-3393
-3740
-3929
-3949
-3919
-3855
-4050
-4241
-4320
-4613
-4890
-5210
-5362
-5486
-5348
-5235
-5072
-5066
-5523
-5913
-6551
-6788
-6901
-6811
-6611
-6603
-6641
-6748
-7131
-7345
-7703
-8023
-8109
-8163
-7960
-7855
-7640
-7720
-7932
-8457
-8896
-9152
-9128
-9085
-8952
-8686
-8627
-8863
-9057
-9472
-9727
-9851
-9921
-9907
-9903
-10011
-10037
-10165
-10416
-10753
-11019
-11058
-11190
-11201
-11079
-10887
-10837
-10858
-11090
-11201
-11359
-11443
-11559
-11547
-11497
-11478
-11443
-11632
-12020
-12589
-13250
-14206
-15610
-17779
-22479
-23481
-23435
-23377
-23327
-23288
-23250
-23199
-23135
-23061
-22994
-15183
-14374
-14221
-14187
-14073
-13934
-13840
-14011
-14226
-14445
-14590
-14694
-14736
-14415
-14136
-13952
-13841
-13776
-14086
-14180
-14361
-14441
-14376
-14350
-13834
-13906
-13809
-13876
-14387
-14769
-14967
-15099
-14910
-14652
-14300
-14251
-14225
-14323
-14473
-14678
-14919
-14971
-14821
-14733
-14560
-14486
-14434
-14475
-14783
-14642
-14931
-14666
-14364
-14141
-13932
-13752
-13540
-13258
-12983
-12686
-12336
-12037
-11768
-11502
-11234
-10970
-10715
-10417
-10124
-9828
-9535
-9238
-8924
-8626
-8341
-8067
-7799
-7479
-7151
-6829
-6506
-6195
-5880
-5567
-5251
-4941
-4623
-4309
-3996
-3680
-3357
-3030
-2697
-2363
-2035
-1718
-1398
-1072
-742
-402
-120
-121
-120
-120
-118
-118
-118
-118
-116
-116
-117
-116
-115
-114
-116
-115
-115
-116
-115
-115
-113
-114
-113
-113
-114
-112
-68
-70
-97
251
177
498
805
1201
1624
1854
2085
2338
2350
2273
2185
2334
2549
3024
3466
3919
4160
4317
4309
4217
4258
4569
4551
5166
5798
6100
6287
6282
6144
6194
6360
6673
7063
7579
8027
8247
8404
8449
8426
8332
8354
8375
8808
9334
9925
10236
10219
10071
9852
9788
9825
10046
10530
11318
11916
12442
13283
14582
16727
21621
23750
23868
23980
24094
24206
24295
24369
24448
24524
24436
24558
24668
24718
24757
24738
24749
24750
24764
24848
24943
25015
25124
25152
25124
25059
24960
24908
24871
24891
24935
24968
25001
24980
24917
24792
24728
24628
24524
24544
24533
24546
24508
24437
24333
24162
24004
23839
23729
23657
23602
23534
23457
23364
23208
23013
22816
22621
22449
22343
22281
22178
22039
21886
21715
21485
21234
20999
20831
20699
20559
20411
20214
20012
19796
19542
19261
19059
18875
18653
18424
18198
17976
17738
17496
17242
16960
16712
16466
16204
15954
15707
15448
15180
14899
14620
14334
14053
13774
13489
13213
12925
12635
12349
12063
11772
11467
11161
10858
10554
3527
183
-26
-15
55
163
-5
-113
-112
-113
-113
-114
-114
-113
-115
-114
-114
-116
-116
-114
-115
-116
-115
-116
-116
-117
-117
-119
-118
-119
-119
-119
-120
-121
-122
-125
-123
-125
-125
-125
-124
-125
-124
-126
-125
-125
-125
-128
-127
-128
-127
-125
-126
-128
-128
-129
-128
-128
-131
-130
-134
-143
-257
-891
-1702
-2367
-2627
-2555
-2369
-2258
-2209
-2454
-2734
-3081
-3552
-4068
-4462
-4529
-4270
-4181
-4168
-4258
-4554
-5083
-5929
-6790
-7331
-7921
-8874
-10818
-15622
-16521
-16746
-16952
-17153
-17358
-17560
-17775
-17985
-18186
-18374
-17526
-14499
-14051
-13940
-13860
-13808
-14011
-14228
-14433
-14655
-14631
-14634
-14428
-14156
-13995
-13887
-13955
-14126
-14440
-14487
-14467
-14274
-14043
-14047
-13779
-14098
-14130
-14236
-14643
-14912
-14962
-14997
-14848
-14516
-14162
-14236
-14316
-14587
-14820
-14942
-14898
-14733
-14556
-14543
-14596
-14496
-14573
-14806
-15173
-15498
-15443
-15341
-15079
-14859
-14794
-14678
-14863
-15279
-15589
-15800
-16053
-16171
-16256
-16159
-16018
-15829
-15883
-16233
-16629
-16943
-17085
-16933
-16686
-16432
-16094
-15995
-16060
-16380
-16677
-16798
-16992
-17091
-17127
-17089
-16934
-17269
-18266
-19983
-21314
-21180
-21045
-20914
-20781
-20632
-20478
-20316
-20155
-20002
-19850
-19687
-9154
-6687
-6831
-6920
-7030
-7047
-6789
-6337
-5933
-5698
-5441
-5462
-5600
-5716
-5726
-5586
-5366
-4910
-4467
-4168
-3943
-3945
-4080
-4093
-3956
-3907
-3694
-3407
-2980
-2635
-2433
-2574
-2551
-2674
-2700
-2600
-2220
-1695
-1300
-981
-752
-689
-675
-794
-752
-336
-128
-130
-128
-128
-128
-128
-129
-127
-126
-127
-126
-126
-125
-125
-125
-126
-124
-122
-122
-122
-123
-122
-124
-122
-122
-120
-122
-121
-120
-121
-122
-120
-120
-119
-120
-118
-119
-118
-119
-118
857
1917
3978
5451
5779
6103
6420
6748
7072
7401
7727
8049
8360
8682
8889
9232
9494
9749
9992
10287
10605
10951
11315
11713
12050
12328
12618
12831
13054
13290
13579
13888
14284
14608
14879
15143
15410
15633
15812
16100
16387
16660
17008
17317
17655
17937
18137
18270
18444
18661
18894
19175
19407
19717
19986
20183
20347
20471
20600
20735
20927
21209
21501
21740
21923
22109
22244
22357
22446
22599
22763
22942
23136
23316
23484
23656
23783
23857
23940
24021
24121
24239
24351
24451
24564
24659
24725
24765
24804
24843
24914
24972
25022
25071
25123
25167
25204
25212
25208
25202
25199
25207
25214
25223
25211
25203
25169
25130
25096
25065
25027
24983
17983
9994
9907
10032
10197
10398
10476
10415
10108
9837
9595
9433
9408
9521
9704
9895
9868
9716
9392
9022
8672
8585
8584
8593
8837
9142
8993
8771
8387
8033
7781
7624
7486
7538
7612
7779
7642
7463
7227
6777
6259
5977
5961
6132
6367
6500
6505
6250
5783
5168
4847
4844
4804
4869
4931
4850
4738
4561
4244
3862
3377
2976
3001
3217
3426
3485
3488
3347
3082
2634
2054
1654
1582
1593
1593
1622
1671
1540
1188
676
130
-27
-7
95
220
507
786
1274
1841
2554
4160
4718
4407
4087
3758
3429
3100
2783
2467
2142
1822
1493
1132
710
319
-31
-385
-720
-1020
-1288
-1545
-1796
-2089
-2422
-2823
-3224
-3580
-3897
-4186
-4453
-4663
-4967
-5308
-5635
-5951
-6312
-6684
-6955
-7239
-7487
-7698
-7948
-8183
-8503
-8877
-9204
-9612
-9844
-10054
-10290
-10499
-10721
-11032
-11340
-11692
-12022
-12327
-12600
-12813
-12997
-13166
-13399
-13621
-13930
-14190
-14461
-14626
-14859
-15023
-15119
-15501
-15683
-15862
-15734
-15401
-15911
-16162
-16258
-16245
-16425
-16656
-16799
-16681
-16412
-16256
-16316
-16315
-16489
-16719
-17021
-17185
-17223
-17082
-16934
-17044
-17418
-17898
-18601
-19756
-20940
-21096
-21218
-21338
-21468
-21595
-21728
-21851
-21964
-22064
-22159
-22252
-19786
-9303
-9107
-9448
-9612
-9633
-9581
-9411
-9241
-9140
-9093
-9305
-9698
-9991
-10139
-10194
-10029
-9705
-9408
-9210
-9334
-9607
-9826
-10026
-10291
-10259
-10123
-9937
-9760
-9804
-9711
-9729
-10049
-10350
-10476
-10338
-10090
-9804
-9518
-9300
-9204
-9485
-9804
-10037
-10125
-10060
-9829
-9502
-9088
-8991
-9040
-9178
-9361
-9615
-9693
-9583
-9450
-9126
-8809
-8459
-8302
-8664
-9152
-9651
-9800
-9612
-9284
-8925
-8507
-8172
-8131
-8340
-8620
-8855
-8872
-8705
-8463
-8005
-7528
-7236
-7186
-7496
-8040
-8428
-8716
-8936
-9316
-9966
-10973
-13055
-16196
-15960
-15720
-15486
-15258
-15035
-14800
-14550
-14297
-14036
-13779
-13636
-13444
-13289
-13048
-12796
-12508
-12209
-11871
-11534
-11232
-10970
-10732
-10498
-10271
-10017
-9711
-9375
-9025
-8639
-8369
-8078
-7819
-7565
-7321
-7104
-6725
-6329
-5955
-5574
-5259
-4924
-4629
-4385
-4137
-3804
-3454
-3096
-2721
-2338
-1976
-1683
-1422
-1152
-891
-585
-217
193
625
991
1340
1663
1923
2209
2475
2833
3159
3543
3939
4322
4698
5030
5319
5577
5884
6263
6627
6967
7296
7625
7953
8274
8570
8883
9181
9493
9837
10158
10484
10820
11137
11450
11744
12012
12317
12613
12921
13227
13518
13806
14093
14384
14674
14948
15227
15497
15769
16038
16307
16583
10176
5240
5564
5923
6165
6231
6161
6045
6112
6184
6393
6805
7247
7547
7691
7749
7629
7399
7354
7353
7738
7993
8308
8529
8921
8964
8799
8516
8489
8597
9012
9309
9739
10100
10102
9885
9785
9797
9623
9588
9692
10044
10301
10700
10791
10772
10448
10013
9888
9997
10204
10612
11007
11319
11257
11191
10902
10841
10805
10756
10848
11103
11490
11808
11983
11890
11663
11524
11488
11327
11350
11453
11688
11873
11852
11670
11504
11379
11243
11114
11164
11354
11720
11986
11936
12078
12502
13286
14348
16358
21062
22945
22808
22656
22504
22334
22162
21993
21828
21668
21468
21166
20902
20631
20422
20220
20067
19924
19781
19605
19380
19124
18866
18587
18294
18064
17868
17683
17517
17309
17049
16755
16451
16104
15826
15551
15384
15162
14915
14697
14456
14156
13805
13494
13195
12866
12612
12404
12162
11929
11626
11298
10916
10533
10176
9891
9677
9481
9217
8950
8632
8271
7894
7541
7214
6917
6638
6337
6036
5747
5446
5144
4793
4404
4080
3807
3507
3204
2891
2580
2266
1935
1589
1255
935
617
285
-30
-338
-633
-947
-1265
-1602
-1940
-2271
-2591
-2892
-3195
-3493
-3803
-4121
-4440
-4743
-5050
-5351
-5666
-5972
-6283
-6580
-6869
-7161
-128
-130
-130
-129
-132
-132
-136
-153
-327
-733
-1179
-1622
-1876
-2107
-2031
-1900
-1862
-1875
-2016
-2434
-2914
-3408
-3531
-3693
-3567
-3634
-3584
-3646
-3973
-4332
-4618
-5129
-5277
-5431
-5376
-5300
-5159
-4969
-5183
-5803
-6264
-6720
-6871
-6969
-6798
-6574
-6464
-6564
-6843
-7108
-7444
-7826
-8066
-8085
-8190
-8081
-7956
-7860
-8025
-8246
-8759
-9347
-9847
-9944
-9696
-9354
-9172
-9203
-9405
-9747
-10298
-10777
-11032
-10979
-10588
-10262
-10104
-10186
-10380
-10666
-11086
-11652
-11965
-12021
-11872
-12058
-12775
-14153
-16492
-21670
-23549
-23570
-23586
-23595
-23609
-23630
-23646
-23652
-23646
-23632
-15805
-13773
-13755
-13865
-14137
-14386
-14529
-14670
-14501
-14326
-14014
-13892
-13953
-14223
-14377
-14592
-14588
-14351
-14280
-13989
-13763
-13742
-13876
-14174
-14118
-14538
-14486
-14450
-14569
-14481
-14360
-14369
-14314
-14361
-14633
-14915
-14997
-15106
-14803
-14393
-14107
-13954
-14182
-14501
-14749
-15102
-15241
-15194
-15063
-14940
-14838
-14946
-14980
-14906
-15115
-15438
-15547
-15647
-15377
-15330
-15407
-14992
-14959
-15158
-15560
-15352
-15098
-14836
-14580
-14345
-14142
-13967
-13751
-13461
-13121
-12838
-12572
-12307
-12032
-11758
-11491
-11244
-10997
-10682
-10390
-10098
-9804
-9493
-9190
-8910
-8623
-8331
-8039
-7723
-7413
-7107
-6805
-6500
-6193
-5879
-3031
-128
-128
-127
-126
-127
-126
-127
-125
-127
-125
-125
-124
-126
-123
-122
-122
-121
-121
-120
-117
-118
-116
-117
-117
-116
-115
-116
-115
-115
-117
-116
-116
-116
-116
-115
-115
-114
-115
-115
-113
-112
-114
-114
-112
2
71
312
676
1143
1594
1877
2221
2196
2218
2140
2230
2469
2950
3526
4072
4520
4814
4841
4722
4580
4717
5057
5649
6161
6572
6827
6938
6808
6649
6543
6656
7085
7625
8140
8509
8765
8920
9034
9172
9666
10724
12400
14917
19911
21110
21292
21470
21660
21844
22021
22189
22355
22520
22573
22596
22676
22781
22935
23112
23330
23517
23677
23787
23860
23887
23924
23998
24123
24230
24392
24495
24588
24640
24665
24671
24664
24687
24747
24816
24981
25057
25111
25143
25109
25045
24985
24956
24959
25021
25063
25113
25115
25063
24970
24848
24781
24706
24653
24641
24666
24653
24626
24529
24411
24262
24110
23976
23911
23857
23857
23759
23652
23509
23322
23146
23006
22882
22799
22666
22524
22380
22231
22078
21882
21665
21465
21279
21131
20961
20784
20596
20395
20192
19977
19747
19547
19325
19101
18870
18640
18409
18199
17975
17729
17473
17216
16958
16707
16459
16208
15948
15684
15408
5257
4117
4067
3734
3387
2911
2544
2263
2212
2239
2340
2368
2239
1894
1528
1061
655
353
263
296
340
214
-33
-113
-112
-111
-114
-113
-112
-115
-114
-115
-115
-115
-116
-115
-115
-116
-115
-117
-116
-116
-116
-116
-118
-117
-119
-120
-119
-121
-121
-123
-123
-123
-125
-124
-124
-124
-123
-124
-125
-123
-124
-126
-126
-127
-126
-126
-124
-126
-126
-127
-128
-126
-123
-304
-478
-714
-1071
-1497
-1849
-2089
-2370
-2537
-2740
-2912
-3296
-4175
-5777
-8089
-12168
-12435
-12706
-12972
-13232
-13475
-13716
-13966
-14212
-14465
-14717
-14958
-13873
-13891
-14219
-14453
-14602
-14611
-14387
-14252
-14064
-13879
-14090
-14282
-14471
-14722
-14720
-14577
-14275
-14093
-13785
-13617
-13676
-13907
-14241
-14429
-14751
-14766
-14449
-14332
-14128
-14188
-14393
-14668
-14827
-15038
-15016
-14823
-14717
-14505
-14271
-14257
-14258
-14537
-14703
-14946
-15212
-15159
-15012
-14802
-14539
-14563
-14740
-15044
-15384
-15683
-15726
-15758
-15558
-15174
-14942
-15185
-15652
-16128
-16408
-16669
-16790
-16719
-16390
-15980
-15739
-15890
-16121
-16500
-16724
-16889
-17081
-16992
-16642
-16303
-16081
-16220
-16354
-16935
-17385
-17981
-18635
-19281
-20089
-21498
-22932
-22862
-22793
-22716
-22638
-22546
-22441
-22332
-22230
-22132
-22031
-11720
-9145
-8733
-8370
-8006
-7832
-7808
-7941
-8196
-8400
-8325
-8188
-7927
-7537
-7202
-6964
-6862
-6854
-7039
-7099
-7172
-6946
-6675
-6302
-5848
-5624
-5594
-5686
-5981
-6177
-6210
-6012
-5554
-5090
-4700
-4496
-4303
-4363
-4444
-4457
-4466
-4274
-3992
-3626
-3053
-2795
-2708
-2810
-2957
-3056
-3081
-2864
-2407
-1974
-1660
-1349
-1281
-1278
-1448
-1480
-1418
-1168
-841
-564
-318
-184
-191
-216
-192
-232
-128
-125
-127
-126
-125
-125
-124
-124
-123
-125
-122
-123
-124
-123
-124
-120
-124
-811
-486
-152
185
510
835
1157
1489
1822
2168
2506
2837
3155
3227
3484
3827
4233
4649
5024
5364
5674
5944
6213
6466
6813
7160
7536
7901
8292
8631
8914
9197
9443
9680
9967
10303
10693
11073
11465
11780
12038
12277
12508
12755
13057
13388
13821
14107
14453
14719
15026
15241
15445
15643
15891
16191
16511
16846
17171
17439
17662
17851
18049
18248
18459
18742
19037
19318
19574
19829
20020
20189
20280
20468
20705
20986
21236
21439
21636
21820
21986
22112
22219
22354
22557
22764
22915
23069
23225
23381
23511
23592
23678
23763
23930
24047
24165
24286
24387
24479
24552
24625
24701
24774
24838
24892
24941
24994
25038
25092
25132
21069
11343
10883
10761
10562
10298
10184
10137
10298
10554
10803
10956
10978
10781
10551
10192
9960
9938
10046
10171
10439
10522
10544
10262
9929
9782
9557
9586
9582
9657
10044
10158
10198
9884
9511
9049
8735
8646
8833
8918
9121
9144
8950
8776
8432
8103
7839
7735
7758
7917
8050
8176
7996
7847
7407
6998
6745
6648
6547
6652
6794
6870
7006
6672
6203
5774
5595
5557
5559
5674
5939
6044
5782
5312
4686
4298
4011
3847
3864
4000
4318
4407
4307
3744
3386
3148
3227
3613
4513
6021
8303
10008
9702
9401
9094
8777
8452
8145
7835
7530
7222
6898
6316
5958
5667
5406
5158
4885
4560
4193
3821
3435
3080
2777
2506
2255
1979
1687
1328
952
578
201
-166
-497
-753
-985
-1241
-1534
-1816
-2189
-2575
-2956
-3311
-3572
-3840
-4106
-4326
-4612
-4968
-5284
-5710
-6064
-6392
-6669
-6921
-7142
-7386
-7683
-7959
-8311
-8630
-8987
-9288
-9540
-9749
-9999
-10223
-10489
-10779
-11050
-11381
-11714
-11991
-12199
-12407
-12648
-12889
-13124
-13373
-13639
-13916
-14199
-14439
-14667
-14896
-15133
-15357
-15592
-16120
-16093
-15899
-15924
-15996
-16659
-17052
-17434
-17708
-17722
-17914
-18121
-18339
-18532
-18708
-18884
-19063
-19239
-19419
-19594
-19757
-19914
-20070
-20133
-8718
-7882
-7718
-7616
-7563
-7858
-8131
-8600
-8853
-9003
-9018
-8868
-8643
-8388
-8410
-8539
-8863
-9259
-9586
-9745
-9529
-9448
-9109
-9040
-8756
-9226
-9508
-9748
-9923
-10036
-10043
-9885
-9748
-9597
-9580
-9706
-9811
-10037
-10382
-10461
-10394
-10173
-9899
-9695
-9538
-9724
-9980
-10216
-10410
-10433
-10445
-10209
-9836
-9575
-9604
-9812
-10002
-10159
-10242
-10420
-10545
-10437
-10242
-10107
-10048
-10069
-10247
-10487
-10561
-10683
-10596
-10339
-9981
-9670
-9638
-9683
-9727
-9793
-9944
-10051
-10005
-9783
-9658
-9869
-10240
-10871
-11822
-13132
-15337
-19733
-19360
-19180
-18990
-18801
-18616
-18435
-18251
-18052
-17847
-17647
-14730
-14307
-14481
-14633
-14537
-14338
-14036
-13812
-13736
-13920
-14113
-14455
-14720
-14369
-14342
-14007
-13607
-13242
-13389
-13245
-12986
-12696
-12382
-12038
-11764
-11437
-11191
-10976
-10727
-10482
-10178
-9842
-9496
-9144
-8820
-8555
-8310
-8036
-7746
-7564
-7222
-6887
-6492
-6125
-5759
-5415
-5127
-4879
-4634
-4376
-4019
-3688
-3221
-2882
-2517
-2155
-1915
-1654
-1380
-1045
-691
-261
97
435
774
1118
1456
1770
2062
2365
2714
3073
3419
3759
4097
4431
4751
5060
5372
5713
6062
6392
6718
7042
7376
7712
8044
8361
8668
8971
9284
9611
9933
10260
10576
10886
11187
11492
11801
11773
2771
2251
2151
2203
2437
2861
3400
3854
4177
4312
4291
4232
4274
4429
4613
4889
5203
5405
5732
5833
5906
5895
5910
5940
5962
6287
6708
7122
7549
7754
7669
7547
7364
7406
7640
7977
8384
8715
8847
8989
8830
8619
8485
8384
8623
8982
9380
9754
9952
10103
9992
9968
9616
9631
9788
10157
10542
10827
10960
10994
10963
10928
10854
10874
11160
11513
11939
12156
12205
12069
11917
11629
11324
11229
11450
11890
12373
12697
12817
12698
12304
11958
11676
11825
12543
13746
14955
16322
18164
22553
24729
24657
24584
24516
24433
24339
24239
24130
24021
23699
23540
23471
23375
23278
23178
23048
22863
22679
22482
22329
22170
22064
21980
21876
21690
21471
21262
20963
20756
20536
20373
20225
20087
19931
19743
19560
19272
18951
18695
18462
18282
18135
17956
17785
17552
17276
16935
16656
16361
16111
15862
15640
15420
15196
14930
14638
14345
14019
13715
13391
13124
12903
12678
12460
12182
11881
11492
11115
10737
10432
10217
10042
9760
9466
9163
8858
8519
8138
7811
7529
7231
6931
6641
6334
6028
5706
5368
5033
4706
4385
4076
3767
3448
3116
2793
2472
2158
1833
1503
1177
858
534
217
-92
-408
-730
-1060
-1381
-1703
-2016
-125
-126
-125
-126
-126
-126
-126
-129
-127
-127
-128
-126
-128
-127
-128
-130
-129
-129
-129
-131
-129
-130
-134
-156
-486
-871
-1182
-1327
-1558
-1826
-1804
-1833
-1928
-2066
-2206
-2576
-3020
-3458
-3815
-3656
-3494
-3259
-3181
-3340
-3775
-4425
-5044
-5422
-5620
-5418
-5201
-5092
-5080
-5372
-5613
-6165
-6560
-6825
-6866
-6969
-7070
-7318
-7250
-7348
-7713
-7974
-8297
-8656
-8821
-8756
-8972
-8905
-8944
-8848
-8981
-9322
-9718
-9941
-9997
-10172
-10160
-10035
-10056
-10193
-10728
-11633
-12751
-14009
-16186
-20866
-22558
-22653
-22729
-22803
-22872
-22946
-23022
-23099
-23170
-23232
-17425
-14495
-14401
-14412
-14184
-14082
-13926
-14006
-14188
-14261
-14281
-14641
-14665
-14588
-14432
-14202
-13945
-13689
-13916
-13959
-14260
-14415
-14494
-14554
-14141
-14018
-13797
-13763
-14058
-14518
-14905
-15096
-15175
-15118
-14792
-14437
-14236
-14108
-14224
-14557
-14775
-14998
-15015
-14964
-14886
-14760
-14552
-14516
-14682
-14970
-15144
-15292
-15368
-15358
-15378
-15082
-14971
-14883
-14967
-15311
-15726
-15981
-16102
-16118
-16212
-16077
-15849
-15812
-15931
-16193
-16378
-16533
-16613
-16612
-16510
-16183
-15615
-15737
-16057
-15977
-15756
-15511
-15250
-15008
-14776
-14540
-14298
-14051
-13798
-13535
-13282
-13025
-12767
-12501
-12225
-11947
-11672
-11404
-11139
-10863
-6698
-647
-278
-262
-306
-458
-448
-186
-131
-131
-131
-129
-127
-128
-129
-128
-129
-128
-128
-128
-127
-125
-126
-124
-127
-126
-126
-125
-126
-124
-124
-124
-122
-121
-121
-121
-120
-117
-119
-120
-118
-117
-116
-117
-116
-117
-117
-116
-117
-116
-116
-115
-115
-115
-115
-114
-114
-118
-116
-117
0
351
577
894
1313
1857
2392
2685
2830
2881
2871
2888
2942
3092
3399
3841
4311
4582
4777
4927
5027
5116
5202
5547
6221
7359
8805
10408
12395
16900
17367
17612
17858
18103
18349
18594
18830
19052
19260
19457
19497
19793
20046
20277
20432
20592
20719
20882
21066
21287
21492
21749
21953
22139
22280
22390
22499
22570
22737
22878
23071
23276
23436
23591
23640
23724
23778
23828
23954
24091
24257
24397
24526
24612
24666
24674
24652
24658
24708
24778
24900
25034
25124
25157
25130
25075
25019
24980
24980
25062
25115
25170
25163
25156
25117
25043
25000
24920
24849
24810
24809
24793
24769
24724
24658
24556
24431
24308
24227
24155
24058
23961
23868
23774
23665
23505
23324
23182
23054
22907
22770
22644
22517
22374
22206
22017
21826
21643
21462
21289
21116
20925
20725
20529
20328
20125
19920
19712
18161
7343
6305
5987
5721
5822
5918
6037
5988
5844
5543
5192
4725
4435
4315
4295
4348
4381
4409
4042
3800
3325
2843
2494
2321
2421
2506
2650
2541
2186
1807
1506
1081
780
637
584
625
741
635
69
-116
-113
-112
-113
-114
-114
-114
-116
-115
-114
-115
-115
-115
-115
-116
-115
-116
-117
-117
-117
-117
-116
-117
-118
-118
-120
-120
-121
-122
-124
-121
-123
-124
-122
-123
-122
-124
-124
-123
-123
-126
-126
-125
-125
-126
-125
-126
-449
-1809
-3233
-5179
-7495
-7786
-8077
-8379
-8672
-8965
-9247
-9525
-9809
-10098
-10387
-10670
-11057
-11316
-11584
-11909
-12233
-12565
-12860
-13095
-13290
-13468
-13661
-14151
-13915
-13824
-13870
-13817
-13733
-14063
-14268
-14431
-14427
-14374
-14265
-13902
-14034
-14020
-14031
-14437
-14700
-14878
-14923
-14936
-14749
-14493
-14303
-14281
-14386
-14661
-14822
-15057
-15106
-14950
-14746
-14373
-14278
-14298
-14479
-15045
-15395
-15671
-15721
-15474
-15252
-14918
-14880
-14989
-15120
-15329
-15707
-16110
-16263
-16114
-15908
-15962
-16044
-16116
-16194
-16325
-16667
-16828
-16760
-16466
-16199
-16125
-16142
-16141
-16320
-16679
-17170
-17272
-17202
-16951
-16874
-17152
-17694
-18562
-19960
-22259
-23640
-23614
-23592
-23577
-23556
-23538
-23509
-23464
-23422
-23378
-23339
-11790
-9067
-9110
-9395
-9635
-9780
-9791
-9628
-9362
-9066
-8935
-8827
-8881
-9013
-9171
-9190
-9169
-8929
-8697
-8315
-8120
-7897
-7951
-8094
-8378
-8623
-8495
-8229
-7808
-7335
-6952
-6946
-7017
-7332
-7493
-7620
-7440
-7090
-6637
-6383
-6019
-5864
-5833
-5972
-6109
-6294
-6244
-5891
-5572
-5170
-4891
-4732
-4859
-4927
-5105
-4907
-4877
-4618
-4212
-3871
-3669
-3810
-3973
-4138
-4188
-4116
-3917
-3621
-3169
-2720
-2429
-2387
-2516
-2504
-2422
-2289
-2048
-1739
-1329
-900
-700
-813
-1322
-1767
-2182
-2710
-3556
-4777
-5870
-5548
-5220
-4897
-4581
-4262
-3955
-3645
-3322
-2995
-2668
-2342
-2127
-1837
-1517
-1216
-927
-658
-350
-8
346
759
1138
1533
1880
2158
2402
2635
2923
3238
3648
4069
4463
4844
5193
5462
5701
5989
6244
6574
6997
7395
7795
8126
8453
8757
8997
9249
9547
9867
10217
10588
10928
11265
11588
11870
12119
12380
12629
12934
13273
13623
13979
14330
14605
14848
15049
15268
15516
15799
16123
16462
16784
17052
17308
17526
17735
17956
18199
18473
18740
18979
19224
19473
19701
19913
20084
20258
20461
20696
20920
21127
21321
21512
21689
21864
22036
22199
22366
22521
22675
22831
22982
23136
23283
23414
23534
23654
23771
23894
22126
10700
9354
9506
9705
10205
10581
10756
10746
10506
10219
9956
9793
9998
10308
10660
10917
11027
10888
10602
10395
10188
10132
10146
10309
10507
10634
10880
10815
10689
10511
10301
10114
10201
10424
10692
10868
10811
10636
10356
9988
9783
9671
9683
9849
9978
10150
10165
9951
9716
9447
9163
8992
8926
9129
9404
9593
9585
9363
9049
8560
8175
8020
8204
8617
9012
9269
9188
8793
8406
7959
7546
7307
7325
7574
7748
7799
7708
7487
7189
6744
6306
6076
6153
6498
7019
7359
7743
8286
9100
10532
14864
14564
14292
14023
13736
13445
13148
12856
12568
12278
11994
11633
11321
10966
10615
10243
9916
9592
9319
9076
8826
8547
8258
7921
7561
7179
6839
6475
6194
5944
5657
5380
5064
4723
4373
3990
3649
3330
3026
2758
2488
2227
1939
1584
1194
806
442
106
-188
-429
-708
-964
-1270
-1631
-2021
-2402
-2747
-3051
-3323
-3572
-3823
-4087
-4370
-4703
-5079
-5457
-5800
-6093
-6384
-6652
-6879
-7111
-7399
-7717
-8050
-8370
-8666
-8941
-9215
-9493
-9760
-10033
-10301
-10568
-10851
-11146
-11436
-11714
-11982
-12228
-12468
-12712
-12967
-13240
-13501
-13761
-14015
-14260
-14500
-14740
-14977
-15207
-15433
-15653
-15885
-16113
-16344
-16568
-16785
-16986
-16624
-5905
-5678
-6033
-6326
-6598
-6742
-6707
-6712
-6557
-6569
-6656
-6932
-7264
-7646
-7890
-7984
-7897
-7654
-7530
-7439
-7608
-7856
-8285
-8604
-8722
-8793
-8651
-8484
-8477
-8460
-8579
-8759
-9165
-9583
-9764
-9886
-9689
-9316
-9213
-9051
-9132
-9410
-9806
-10172
-10336
-10264
-10079
-9848
-9767
-9747
-9765
-9942
-10155
-10450
-10705
-10668
-10497
-10300
-10056
-9885
-9935
-10159
-10653
-11264
-11531
-11559
-11342
-11027
-10648
-10464
-10353
-10595
-11075
-11440
-11595
-11526
-11305
-11099
-10883
-10687
-10576
-10772
-11170
-11734
-12089
-12545
-13340
-14557
-16291
-20788
-21802
-21684
-21555
-21415
-21291
-21169
-21035
-20908
-20762
-20599
-15589
-14166
-13940
-13729
-13786
-13911
-14150
-14377
-14630
-14673
-14565
-14318
-14191
-14013
-13884
-14073
-14190
-14258
-14528
-14428
-14270
-14029
-13771
-13680
-13644
-14085
-14315
-14594
-14879
-14734
-14290
-14081
-13851
-13850
-13610
-13423
-13123
-12867
-12480
-12164
-11896
-11607
-11388
-11163
-10956
-10672
-10348
-10001
-9645
-9294
-8965
-8685
-8494
-8205
-7973
-7682
-7354
-6960
-6604
-6250
-5892
-5569
-5283
-5051
-4778
-4438
-4076
-3734
-3407
-3079
-2741
-2423
-2104
-1803
-1500
-1141
-810
-490
-155
191
540
879
1205
1519
1842
2166
2494
2840
3180
3518
3849
4177
4512
4843
5182
5506
5824
6148
6475
6812
688
-113
-113
-113
-116
-120
-113
-110
92
249
587
1048
1564
1946
2186
2276
2098
1994
1983
2102
2441
2852
3244
3738
3940
4036
4027
3800
3858
4134
4464
4948
5338
5601
5856
5849
5785
5807
5803
5834
6071
6522
7027
7493
7682
7707
7491
7217
7084
7314
7706
8222
8650
9059
9206
9116
8843
8701
8707
8960
9463
9884
10280
10569
10726
10737
10568
10470
10510
10757
10949
11180
11427
11644
11589
11466
11246
11087
11156
11394
11642
12028
12381
12788
13017
13255
13773
14941
17017
21985
25207
25212
25212
25220
25215
25207
25190
25162
25135
25062
25015
24919
24795
24660
24539
24487
24490
24529
24532
24499
24386
24262
24109
23918
23818
23726
23650
23574
23511
23410
23283
23125
22949
22779
22580
22449
22327
22235
22172
22074
21884
21638
21404
21144
20951
20717
20607
20526
20318
20195
19983
19720
19430
19136
18883
18682
18504
18354
18182
17992
17769
17416
17176
16827
16602
16319
16144
15948
15724
15464
15215
14937
14649
14311
14003
13758
13513
13250
12976
12683
12397
12097
11784
11462
11158
10878
10588
10299
9991
9700
9397
9090
8774
8448
8119
7805
7498
7196
6891
6580
6257
5927
5606
5286
4973
4654
4333
4007
3682
3367
-117
-114
-117
-117
-118
-117
-120
-119
-118
-121
-121
-121
-124
-125
-124
-125
-124
-124
-125
-124
-124
-126
-125
-126
-127
-128
-127
-126
-126
-128
-128
-127
-129
-129
-129
-128
-131
-132
-137
-157
-368
-880
-1303
-1486
-1571
-1550
-1542
-1523
-1678
-1982
-2361
-2880
-3185
-3418
-3628
-3690
-3618
-3565
-3604
-3830
-4248
-4820
-5262
-5623
-5916
-5965
-5845
-5727
-5720
-5882
-6210
-6528
-6913
-7273
-7508
-7547
-7420
-7451
-7481
-7782
-8066
-8481
-8951
-9446
-9813
-10071
-10544
-11605
-13547
-18452
-20526
-20695
-20847
-20987
-21118
-21243
-21374
-21502
-21637
-21757
-18434
-14067
-13767
-13851
-14009
-14220
-14460
-14566
-14587
-14533
-14223
-14045
-14024
-14001
-14019
-14305
-14544
-14500
-14681
-14372
-14049
-13726
-13557
-13668
-13802
-14336
-14618
-14674
-14780
-14607
-14420
-14369
-14309
-14395
-14520
-14728
-14780
-14917
-14924
-14687
-14604
-14430
-14336
-14428
-14513
-14773
-15005
-15209
-15341
-15096
-15093
-14764
-14774
-14900
-15075
-15303
-15485
-15734
-15774
-15518
-15387
-15375
-15538
-15809
-16053
-16322
-16620
-16740
-16604
-16176
-15786
-15637
-15712
-15885
-16045
-16451
-16943
-17092
-17082
-16684
-16322
-16169
-16230
-16547
-17034
-17916
-18053
-17867
-17653
-17428
-17219
-17010
-16810
-16601
-16373
-16144
-15908
-15675
-15444
-15221
-9495
-4214
-4299
-4151
-3782
-3304
-2835
-2455
-2320
-2368
-2571
-2744
-2667
-2515
-2038
-1508
-1004
-624
-517
-476
-524
-574
-264
-128
-131
-130
-128
-129
-129
-130
-129
-129
-127
-128
-127
-127
-126
-127
-127
-127
-124
-127
-126
-126
-125
-125
-124
-123
-123
-121
-121
-122
-120
-120
-119
-118
-116
-116
-116
-116
-117
-119
-119
-119
-117
-118
-117
-116
-117
-119
-109
132
824
141
74
373
329
467
906
1538
2112
2594
2826
3065
3450
3887
4760
6100
8510
12392
12693
12992
13279
13559
13845
14134
14437
14722
15009
15283
15408
15587
15756
16005
16290
16620
16968
17301
17575
17829
18010
18193
18344
18534
18800
19062
19354
19606
19871
20054
20224
20355
20523
20690
20908
21142
21380
21599
21822
22007
22145
22241
22345
22509
22644
22836
23072
23238
23405
23492
23572
23633
23694
23783
23905
24054
24228
24388
24494
24573
24614
24618
24611
24679
24749
24843
24965
25076
25139
25146
25132
25088
25058
25084
25152
25208
25218
25212
25211
25204
25176
25090
25031
25009
24987
24958
24924
24888
24839
24763
24680
24584
24498
24420
24335
24252
24157
24053
23952
23844
23732
23608
23472
23329
23196
23060
22923
22790
19335
9248
8866
8953
8907
8791
8303
7924
7573
7405
7393
7585
7630
7767
7660
7480
7079
6684
6356
6039
6131
6111
6199
6134
5991
5760
5322
5134
4842
4536
4470
4517
4584
4768
4762
4462
3918
3415
3057
2826
2752
2928
3079
3054
2869
2524
2171
1718
1368
1159
1076
1130
1130
1303
1186
872
-38
-110
-108
-107
-113
-114
-115
-115
-117
-116
-116
-117
-116
-117
-116
-119
-119
-120
-119
-119
-120
-119
-119
-119
-121
-120
-121
-123
-120
-121
-122
-121
-123
-121
-723
-2303
-2614
-2923
-3243
-3561
-3887
-4192
-4502
-4799
-5104
-5410
-5729
-6302
-6675
-6947
-7204
-7439
-7698
-7960
-8249
-8550
-8876
-9215
-9533
-9811
-10106
-10341
-10558
-10817
-11064
-11400
-11710
-12049
-12357
-12584
-12803
-12979
-13187
-13421
-13771
-14004
-13872
-13842
-13898
-14187
-14544
-15064
-14943
-14941
-14717
-14487
-14352
-14288
-14319
-14526
-14810
-15177
-15266
-15212
-15018
-14756
-14742
-14553
-14698
-15079
-15522
-15776
-15725
-15600
-15326
-15129
-15155
-15351
-15707
-16220
-16568
-16648
-16584
-16507
-16358
-16125
-15918
-16017
-16258
-16580
-16912
-16994
-16895
-16895
-16671
-16383
-16119
-16295
-16790
-17517
-18244
-18957
-19862
-20937
-22385
-23259
-23314
-23355
-23398
-23448
-23489
-23531
-23552
-23567
-23579
-23587
-12133
-10187
-10179
-10004
-9802
-9576
-9515
-9613
-9734
-9926
-10009
-10101
-10096
-9960
-9696
-9514
-9273
-9190
-9429
-9550
-9793
-9859
-9866
-9647
-9283
-8911
-8671
-8593
-8956
-9271
-9463
-9453
-9259
-9055
-8772
-8337
-8284
-8204
-8263
-8342
-8588
-8639
-8605
-8336
-7877
-7486
-7252
-7308
-7455
-7711
-7995
-7983
-7895
-7367
-7032
-6681
-6580
-6544
-6617
-6787
-6968
-7016
-6896
-6687
-6350
-6195
-6165
-6090
-6017
-5958
-6023
-5968
-5641
-5218
-4858
-4512
-4445
-4402
-4513
-4875
-4960
-5047
-4666
-4473
-4449
-5136
-6031
-7462
-9795
-10606
-10321
-10032
-9739
-9445
-9162
-8877
-8581
-8278
-7965
-7658
-7553
-7324
-7042
-6743
-6381
-6012
-5646
-5327
-5014
-4745
-4479
-4224
-3862
-3555
-3172
-2786
-2418
-2099
-1762
-1518
-1249
-992
-671
-309
99
538
909
1253
1526
1826
2110
2377
2709
3095
3483
3856
4226
4558
4874
5155
5431
5687
5999
6354
6770
7171
7559
7905
8196
8449
8715
8967
9287
9655
10047
10409
10737
11064
11371
11660
11897
12169
12473
12831
13153
13472
13785
14099
14383
14624
14902
15148
15442
15730
16000
16268
16547
16831
17100
17356
17580
17811
18047
18281
18535
18782
19046
19272
19499
19700
19908
20117
20333
20551
20747
20946
21138
21325
21516
11519
8867
8873
8762
8698
8596
8558
8677
8914
9237
9534
9739
9956
9875
9696
9633
9373
9498
9541
9869
10258
10468
10560
10445
10230
9838
9836
9836
10058
10534
10788
10996
10918
10835
10639
10312
10308
10279
10236
10644
10922
10991
11147
10907
10583
10249
10092
10143
10338
10645
10916
10982
11094
10797
10442
10153
10107
10134
10276
10332
10449
10780
10854
10870
10687
10466
10340
10216
10219
10169
10253
10306
10335
10149
9798
9473
9311
9210
9268
9224
9379
9459
9526
9366
9196
9183
9710
10464
11727
13533
18347
18840
18609
18380
18149
17915
17671
17420
17171
16928
16676
16140
15854
15615
15365
15158
14963
14710
14452
14129
13787
13462
13131
12854
12625
12386
12176
11855
11576
11233
10858
10519
10163
9876
9647
9401
9193
8918
8551
8226
7831
7498
7154
6857
6592
6330
6072
5758
5445
5082
4692
4311
3955
3639
3387
3142
2884
2599
2271
1909
1518
1116
788
518
236
8
-287
-606
-952
-1328
-1667
-1987
-2284
-2546
-2854
-3155
-3458
-3761
-4054
-4380
-4712
-5054
-5351
-5646
-5935
-6234
-6528
-6831
-7131
-7433
-7734
-8035
-8320
-8623
-8923
-9205
-9475
-9746
-10011
-10294
-10588
-10874
-11154
-11415
-11677
-11939
-12209
-12471
-12736
-12992
-13243
-4094
-3630
-3552
-3492
-3334
-3457
-3793
-4111
-4644
-5048
-5203
-5213
-5163
-5031
-4912
-5046
-5368
-5574
-5949
-6194
-6495
-6521
-6508
-6444
-6178
-6372
-6429
-6925
-7474
-7906
-8031
-7985
-7840
-7653
-7497
-7594
-7852
-8093
-8388
-8731
-8946
-8890
-8753
-8524
-8399
-8427
-8577
-8924
-9318
-9679
-9767
-9692
-9565
-9442
-9212
-9216
-9532
-9935
-10142
-10304
-10418
-10557
-10543
-10403
-10344
-10471
-10787
-11070
-11193
-11281
-11366
-11357
-11245
-10992
-10860
-11002
-11288
-11581
-11782
-11836
-11836
-11793
-11682
-11575
-11860
-12554
-13806
-15303
-17378
-22230
-23256
-23208
-23153
-23078
-23001
-22923
-22854
-22785
-22712
-22621
-15178
-13891
-14148
-14364
-14550
-14494
-14322
-14194
-13963
-13886
-13955
-14199
-14464
-14647
-14479
-14574
-14285
-13944
-13926
-13754
-13786
-13916
-14141
-14448
-14468
-14779
-14490
-14096
-14082
-14110
-14219
-14600
-14842
-15050
-15048
-14911
-14652
-14476
-14255
-14138
-14249
-14430
-14749
-14898
-15066
-14968
-14442
-14342
-14145
-14076
-13857
-13621
-13314
-12978
-12649
-12334
-12062
-11854
-11685
-11453
-11153
-10812
-10448
-10145
-9851
-9556
-9266
-8963
-8704
-8434
-8129
-7805
-7508
-7186
-6855
-6542
-6216
-5914
-5641
-5350
-5031
-4693
-4363
-4038
-3714
-3394
-3067
-2734
-2410
-2089
-1771
-1457
-1129
-802
-456
-121
217
541
865
1191
796
-117
-118
-117
-116
-117
-116
-116
-117
-116
-116
-116
-115
-113
-115
-114
-113
-113
-113
-114
-113
-113
-112
-104
-62
118
407
899
1416
1841
1952
1885
1806
1824
1916
2178
2581
3015
3393
3714
3890
3832
3824
3758
3800
3976
4395
4922
5367
5796
5894
5799
5735
5668
5704
5987
6365
6962
7351
7496
7592
7671
7693
7784
7930
8231
8660
9148
9336
9413
9327
9302
9239
9166
9237
9524
9986
10543
10884
10849
10917
10929
10914
10989
11373
12276
13711
15400
17495
22176
24282
24368
24443
24529
24615
24696
24774
24834
24884
24692
24652
24711
24821
24945
25022
25075
25075
25036
24979
24950
24949
24942
24979
25024
25073
25072
25011
24897
24813
24688
24617
24582
24576
24623
24609
24583
24471
24304
24188
24069
23941
23868
23831
23772
23729
23605
23486
23339
23064
22934
22771
22650
22564
22467
22359
22223
22035
21838
21588
21367
21183
21048
20897
20770
20619
20457
20252
19976
19662
19389
19230
19100
18932
18718
18490
18265
18018
17748
17443
17177
16967
16734
16495
16240
16000
15748
15481
15204
14908
14624
14350
14085
13825
13545
13271
12976
12678
12385
12097
11798
11503
11204
10900
10599
10300
10008
9709
9398
9079
5701
-112
-112
-112
-111
-114
-113
-114
-113
-115
-116
-114
-113
-115
-115
-116
-115
-116
-115
-116
-117
-116
-116
-118
-120
-118
-118
-120
-123
-123
-124
-124
-124
-123
-124
-124
-123
-125
-124
-125
-126
-126
-126
-128
-127
-127
-127
-128
-128
-129
-128
-129
-127
-130
-133
-145
-218
-570
-1202
-1790
-1954
-1964
-1976
-1915
-2056
-2265
-2609
-3082
-3652
-4028
-4193
-4090
-3973
-3966
-3924
-4074
-4347
-4771
-5312
-5759
-5965
-5959
-5779
-5868
-5994
-6277
-6927
-8160
-9965
-12112
-16523
-17532
-17738
-17941
-18143
-18332
-18516
-18695
-18879
-19070
-19262
-18351
-14351
-14471
-14505
-14477
-14211
-14068
-13873
-13858
-14062
-14200
-14463
-14767
-14793
-14499
-14367
-14106
-13677
-13834
-13797
-13962
-14194
-14336
-14434
-14195
-14291
-14107
-13901
-14136
-14281